geodata/dem-500.asc
ncols        50
nrows        50
xllcorner    477999.500000000000
yllcorner    184700.500000000000
cellsize     10.000000000000
NODATA_value  -9999
[rows 0 to 19 of 50, columns 0 to 44 of 50]
850.95501708984375 849.23199462890625 846.7349853515625 844.489990234375 842.47998046875 840.7130126953125 839.1820068359375 837.0999755859375 834.24200439453125 828.81298828125 827.9000244140625 825.78497314453125 824.49200439453125 822.7030029296875 820.6820068359375 820.22802734375 820.46002197265625 817.27197265625 816.02197265625 813.2230224609375 795.02301025390625 777.7869873046875 774.53997802734375 770.11700439453125 767.0980224609375 758.76300048828125 757.822998046875 757.052001953125 760.79998779296875 772.4000244140625 778.98199462890625 788.6199951171875 799.35498046875 811.19500732421875 818.8280029296875 827.34002685546875 835.49200439453125 839.35302734375 840.2869873046875 840.47998046875 840.3699951171875 840.28497314453125 840.16497802734375 840.80499267578125 841.4119873046875
850.0980224609375 847.02801513671875 844.25799560546875 842.24200439453125 840.60302734375 839.38299560546875 836.697998046875 833.0570068359375 828.75 827.71502685546875 826.5570068359375 823.17498779296875 821.9019775390625 821.09002685546875 819.7869873046875 819.510009765625 819.25 817.32000732421875 815.60797119140625 808.0980224609375 793.76702880859375 782.38800048828125 777.29998779296875 774.03997802734375 774.6820068359375 760.8599853515625 745.125 752.19500732421875 766.9169921875 774.66497802734375 781.59002685546875 788.406982421875 797.22998046875 808.31500244140625 816.2080078125 824.7919921875 831.07000732421875 834.02001953125 836.5980224609375 836.072998046875 835.34698486328125 835.0050048828125 834.6669921875 834.64501953125 834.885009765625
847.60198974609375 845.72802734375 842.6820068359375 841.10198974609375 838.718017578125 834.0570068359375 830.86700439453125 829.24700927734375 826.54498291015625 824.5150146484375 822.75 821.655029296875 820.4119873046875 819.5419921875 818.91998291015625 818.6300048828125 818.10498046875 816.51702880859375 813.875 803.822998046875 791.30999755859375 784.78997802734375 780.75799560546875 777.58502197265625 770.030029296875 757.64501953125 746.37200927734375 747.41998291015625 758.85198974609375 772.0830078125 780.77001953125 787.572998046875 795.42999267578125 805.844970703125 813.469970703125 819.5999755859375 822.968017578125 826.61199951171875 828.24700927734375 830.19000244140625 829.7919921875 829.27301025390625 829.05499267578125 828.97802734375 829.2080078125
846.08001708984375 844.0419921875 841.80999755859375 836.96502685546875 833.06298828125 830.27301025390625 826.95501708984375 824.99700927734375 824.2080078125 821.73199462890625 820.32501220703125 818.89697265625 818.9320068359375 818.364990234375 818.40301513671875 818.1099853515625 816.92498779296875 815.84002685546875 814.10198974609375 805.8699951171875 797.2750244140625 789.864990234375 785.3179931640625 774.25 765.5780029296875 755.34698486328125 742.0269775390625 743.54998779296875 757.56500244140625 770.38299560546875 778.92999267578125 788.5880126953125 795.74200439453125 806.65301513671875 810.78997802734375 812.9320068359375 816.00799560546875 818.54498291015625 819.10699462890625 823.572998046875 824.06500244140625 823.60699462890625 823.42498779296875 823.510009765625 823.8699951171875
845.2550048828125 842.822998046875 837.58001708984375 833.9169921875 829.3070068359375 826.58502197265625 824.30999755859375 822.57501220703125 820.87799072265625 819.05999755859375 818.7750244140625 818.03997802734375 817.85302734375 817.50799560546875 817.343017578125 816.2249755859375 815.72698974609375 815.09002685546875 808.12799072265625 802.635009765625 800.7550048828125 794.844970703125 787.37799072265625 773.04498291015625 764.469970703125 756.239990234375 744.0150146484375 740.89501953125 750.78302001953125 766.52001953125 778.66998291015625 792.4219970703125 798.60498046875 808.427001953125 808.73199462890625 809.41497802734375 810.218017578125 812.05499267578125 815.114990234375 818.53997802734375 818.73199462890625 817.0269775390625 815.6669921875 816.06500244140625 817.2919921875
843.32501220703125 837.34002685546875 835.010009765625 830.75799560546875 827.656982421875 825.1199951171875 822.8330078125 820.77001953125 819.29998779296875 818.10198974609375 817.5250244140625 817.03497314453125 816.41998291015625 815.31298828125 814.9429931640625 814.88800048828125 814.822998046875 812.3900146484375 803.5250244140625 796.2550048828125 795.0780029296875 795.405029296875 789.7349853515625 779.510009765625 768.81298828125 758.5679931640625 742.2869873046875 739.75799560546875 749.66497802734375 765.03997802734375 774.63299560546875 788.5999755859375 800.94500732421875 806.3380126953125 806.8380126953125 807.35699462890625 807.989990234375 808.5780029296875 809.6099853515625 810.79498291015625 811.9530029296875 812.96002197265625 813.24200439453125 812.21002197265625 811.12200927734375
838.13299560546875 836.260009765625 832.135009765625 828.989990234375 826.14801025390625 823.375 821.21502685546875 819.7969970703125 818.3280029296875 817.10302734375 816.7550048828125 816.29498291015625 815.78997802734375 814.9119873046875 814.95001220703125 814.69000244140625 813.9580078125 811.6519775390625 802.364990234375 792.62799072265625 783.58001708984375 782.48199462890625 778.1519775390625 771.718017578125 764.04998779296875 755.08502197265625 742.61700439453125 739.13800048828125 752.2869873046875 766.427001953125 779.76300048828125 792.572998046875 800.989990234375 804.3699951171875 805.0269775390625 805.79498291015625 806.655029296875 807.66998291015625 808.58001708984375 808.74200439453125 807.45001220703125 805.905029296875 804.9320068359375 804.3380126953125 804.2769775390625
836.57501220703125 833.114990234375 830.135009765625 827.1619873046875 824.1500244140625 821.6099853515625 819.62799072265625 817.280029296875 816.8800048828125 816.10302734375 815.9730224609375 815.70501708984375 814.6929931640625 814.447998046875 814.75 814.37200927734375 813.030029296875 811.92999267578125 803.84002685546875 796.7969970703125 788.27197265625 772.2919921875 762.20501708984375 758.00299072265625 753.4849853515625 745.780029296875 739.9580078125 741.22698974609375 756.5050048828125 768.03497314453125 792.22998046875 799.7650146484375 801.7449951171875 802.25799560546875 803.4320068359375 804.58001708984375 804.91998291015625 801.9530029296875 801.469970703125 801.218017578125 801.21002197265625 801.34002685546875 801.13800048828125 800.85198974609375 800.86199951171875
833.781982421875 830.8380126953125 827.844970703125 824.79498291015625 822.07000732421875 819.88299560546875 818.14501953125 816.469970703125 815.447998046875 814.6500244140625 815.08502197265625 815.49200439453125 814.32000732421875 813.85302734375 813.843017578125 814.1929931640625 812.260009765625 808.00299072265625 799.1929931640625 794.29498291015625 780.7869873046875 769.7230224609375 759.35699462890625 749.75299072265625 742.92498779296875 737.44000244140625 736.72802734375 745.5469970703125 767.5050048828125 778.14697265625 798.843017578125 799.8380126953125 800.3800048828125 801.4530029296875 802.98297119140625 802.072998046875 799.12799072265625 798.98297119140625 798.95501708984375 798.9119873046875 798.4630126953125 798.18499755859375 798.094970703125 797.8179931640625 797.86199951171875
831.30499267578125 828.2230224609375 825.0150146484375 822.31298828125 819.9949951171875 818.13299560546875 816.6199951171875 815.4429931640625 814.3800048828125 814.510009765625 814.40802001953125 813.66998291015625 813.344970703125 813.5780029296875 813.83502197265625 813.66497802734375 811.50299072265625 806.218017578125 798.02001953125 790.31500244140625 781.4530029296875 774.1719970703125 762.11700439453125 747.06298828125 739.19500732421875 736.2449951171875 742.4320068359375 752.8499755859375 777.92498779296875 798.38800048828125 798.4949951171875 799.1400146484375 800.156982421875 800.385009765625 798.7130126953125 797.802001953125 797.594970703125 797.344970703125 797.21502685546875 797.07501220703125 796.67498779296875 796.35498046875 796 795.98699951171875 795.4530029296875
829.08001708984375 825.02001953125 822.03497314453125 819.86700439453125 818.0150146484375 816.48699951171875 815.2030029296875 814.29998779296875 814.0419921875 813.843017578125 813.72698974609375 813.218017578125 813.07501220703125 813.00799560546875 813.69500732421875 813.7130126953125 810.89501953125 803.9730224609375 797.33502197265625 792.89300537109375 785.68499755859375 766.20001220703125 754.6719970703125 745.28497314453125 735.2130126953125 739.29998779296875 747.2550048828125 765.37200927734375 786.12799072265625 797.125 797.81298828125 797.4169921875 796.8599853515625 796.99700927734375 797.030029296875 796.843017578125 796.57501220703125 796.34002685546875 796.2080078125 795.885009765625 795.1619873046875 794.781982421875 794.42999267578125 791.68499755859375 789.2750244140625
824.77801513671875 820.72198486328125 819.18499755859375 817.5469970703125 816.072998046875 814.9530029296875 814.385009765625 813.80999755859375 813.0780029296875 812.94500732421875 812.97802734375 812.6719970703125 812.39300537109375 812.3699951171875 812.45001220703125 812.7449951171875 809.9429931640625 801.06298828125 792.0050048828125 786.2080078125 772.2869873046875 762.82501220703125 753.802001953125 743.16497802734375 734.97698974609375 749.22802734375 756.739990234375 766.177001953125 793.781982421875 797.219970703125 796.52001953125 795.5469970703125 796.156982421875 796.25799560546875 796.17999267578125 795.9320068359375 795.80999755859375 795.76300048828125 795.4630126953125 795.030029296875 794.40802001953125 791.28497314453125 787.35797119140625 785.77001953125 785.25
819.67498779296875 817.66497802734375 816.44000244140625 815.2230224609375 814.21002197265625 813.50799560546875 813.22198486328125 812.7750244140625 812.239990234375 812.2869873046875 812.16497802734375 812.031982421875 811.97998046875 811.76300048828125 811.74700927734375 811.05999755859375 809.28997802734375 801.42498779296875 792.11700439453125 784.697998046875 775.375 766.3900146484375 750.989990234375 734.89801025390625 751.2550048828125 761.41497802734375 766.364990234375 771.947998046875 792.77301025390625 796.572998046875 795.86199951171875 794.40997314453125 793.24700927734375 795.85699462890625 795.3179931640625 795.177001953125 795.031982421875 795.04498291015625 794.635009765625 794.28997802734375 792.6669921875 786.46502685546875 785.75299072265625 784.75799560546875 783.9169921875
815.843017578125 815.093017578125 814.14697265625 813.41497802734375 812.8330078125 812.54498291015625 812.29498291015625 812.1099853515625 811.9730224609375 811.79998779296875 811.66998291015625 811.3800048828125 811.13800048828125 810.97802734375 810.843017578125 809.219970703125 806.20501708984375 798.4320068359375 792.55499267578125 787.405029296875 777.69500732421875 756.37799072265625 741.58001708984375 733.81298828125 761.280029296875 771.7750244140625 775.489990234375 779.48199462890625 791.9169921875 794.24200439453125 795.28497314453125 794.20501708984375 792.552001953125 791.6300048828125 792.64300537109375 794.60302734375 794.33502197265625 794.32000732421875 794.1719970703125 794.2550048828125 788.44500732421875 786.33001708984375 784.7080078125 783.41998291015625 782.3330078125
813.780029296875 813.2080078125 812.6300048828125 812.14501953125 812.06500244140625 811.905029296875 811.822998046875 811.53497314453125 811.55999755859375 811.5369873046875 810.75299072265625 810.6719970703125 810.41497802734375 810.45501708984375 809.87799072265625 808.62200927734375 801.7349853515625 794.04998779296875 786.1199951171875 757.9730224609375 744.23199462890625 737.26800537109375 732.9320068359375 737.1820068359375 759.50799560546875 785.0369873046875 784.70001220703125 788.49200439453125 790.28997802734375 790.405029296875 793.27197265625 794.0469970703125 792.62799072265625 791.3800048828125 790.27197265625 789.531982421875 791.07000732421875 792.27001953125 793.2249755859375 789.35699462890625 787.1619873046875 784.97998046875 783.67999267578125 782.260009765625 781.32000732421875
812.635009765625 812.3280029296875 811.86700439453125 811.4429931640625 811.21002197265625 810.655029296875 810.33502197265625 810.2130126953125 810.344970703125 810.2969970703125 810.41497802734375 810.0880126953125 809.125 808.04498291015625 807.656982421875 803.5570068359375 798.2030029296875 790.04998779296875 768.55499267578125 743.7130126953125 733.48199462890625 732.23297119140625 735.656982421875 745.0679931640625 764.677001953125 786.80999755859375 787.56500244140625 787.60699462890625 788.46002197265625 788.86199951171875 788.49200439453125 788.78497314453125 788.39202880859375 787.88299560546875 788.031982421875 788.2919921875 787.35699462890625 786.41998291015625 786.364990234375 787.69500732421875 783.99200439453125 783.4530029296875 782.302001953125 780.76300048828125 779.86700439453125
808.54498291015625 808.6719970703125 808.6719970703125 808.655029296875 808.780029296875 809.3280029296875 809.4949951171875 809.62200927734375 809.4000244140625 809.364990234375 809.1300048828125 808.80499267578125 808.155029296875 806.6500244140625 805.947998046875 797.44500732421875 793.58502197265625 776.41497802734375 753.468017578125 732.75 731.468017578125 741.3800048828125 747.08502197265625 755.4749755859375 779.6929931640625 787.05499267578125 786.96502685546875 786.63299560546875 786.58502197265625 786.802001953125 786.86199951171875 786.55999755859375 786.1199951171875 785.6400146484375 785.1300048828125 784.61199951171875 784.16302490234375 784.75799560546875 784.45001220703125 783.5250244140625 782 782.14697265625 781.58502197265625 779.91497802734375 778.6519775390625
807.593017578125 807.54498291015625 807.60699462890625 807.73699951171875 807.8070068359375 807.8330078125 808.60198974609375 808.78997802734375 808.572998046875 808.469970703125 808.5469970703125 808.19500732421875 807.68798828125 805.82501220703125 800.7550048828125 791.197998046875 776.64300537109375 758.99200439453125 742.0570068359375 732.62200927734375 732.4530029296875 752.531982421875 758.20501708984375 781.70501708984375 784.2550048828125 785.04998779296875 785.29498291015625 785.34002685546875 785.23199462890625 785.11700439453125 785.06500244140625 784.97998046875 784.69500732421875 784.3480224609375 783.77001953125 783.05999755859375 782.41998291015625 782.1820068359375 783.0830078125 782.21002197265625 781.51702880859375 780.5780029296875 780.405029296875 779.0469970703125 778.093017578125
806.3480224609375 806.3380126953125 806.30499267578125 806.3699951171875 806.510009765625 806.7869873046875 807.26800537109375 807.530029296875 807.53497314453125 807.614990234375 807.66497802734375 807.28997802734375 806.7769775390625 804.947998046875 799.9730224609375 790.19000244140625 775.094970703125 759.072998046875 752.76800537109375 733.593017578125 730.48699951171875 756.0679931640625 769.71002197265625 780.91497802734375 783.1669921875 783.1099853515625 783.28497314453125 783.47998046875 783.72198486328125 783.88800048828125 783.68798828125 783.3900146484375 782.97998046875 782.48699951171875 781.76300048828125 780.99700927734375 780.4429931640625 780.2130126953125 780.14697265625 780.26800537109375 780.49200439453125 779.6719970703125 778.56500244140625 777.29998779296875 777.697998046875
803.6400146484375 804.12799072265625 804.17999267578125 804.51800537109375 804.83502197265625 805.37200927734375 805.4849853515625 805.58001708984375 805.6300048828125 805.84197998046875 805.9000244140625 805.8599853515625 805.64501953125 804.00299072265625 800.6929931640625 793.83001708984375 782.90997314453125 770.20501708984375 757.57000732421875 727.2130126953125 727.19000244140625 752.82501220703125 763.155029296875 775.7249755859375 782.64697265625 782.114990234375 781.9849853515625 782.12799072265625 782.3499755859375 782.53497314453125 782.59002685546875 782.343017578125 781.780029296875 780.968017578125 780.06500244140625 779.41998291015625 779.05999755859375 776.43499755859375 774.5679931640625 773.86700439453125 774.10699462890625 773.905029296875 774.31298828125 775.7869873046875 775.5679931640625
