geodata/dem-500.asc
ncols        50
nrows        50
xllcorner    477999.500000000000
yllcorner    184700.500000000000
cellsize     10.000000000000
NODATA_value  -9999
[rows 20 to 39 of 50, columns 0 to 44 of 50]
800.010009765625 800.4749755859375 801.10699462890625 801.77001953125 802.52301025390625 802.88800048828125 803.83502197265625 803.85498046875 803.9849853515625 804.05999755859375 803.22198486328125 803.14300537109375 802.75299072265625 801.7750244140625 799.4119873046875 793.4849853515625 785.02197265625 771.07501220703125 746.5880126953125 727.0980224609375 730.8330078125 749.37799072265625 759.802001953125 770.0419921875 782.2030029296875 781.510009765625 781.22802734375 781.14801025390625 781.0050048828125 780.8380126953125 780.84002685546875 780.72998046875 780.16998291015625 779.405029296875 778.7969970703125 777.7349853515625 773.4849853515625 770.95501708984375 769.45501708984375 768.70501708984375 768.62200927734375 768.32000732421875 767.84002685546875 768.74200439453125 767.70501708984375
796.54498291015625 797.0250244140625 797.69000244140625 798.31500244140625 798.87799072265625 799.28497314453125 800.0780029296875 800.02197265625 800.54998779296875 801.094970703125 800.50799560546875 801.41497802734375 800.510009765625 799.0150146484375 796.0269775390625 790.70001220703125 784.42498779296875 765.2869873046875 736.26300048828125 725.9530029296875 728.74200439453125 743.76300048828125 752.00799560546875 763.84002685546875 772.7650146484375 781 780.405029296875 779.79498291015625 778.218017578125 776.36700439453125 775.69000244140625 776.68798828125 778.072998046875 778.02197265625 776.5780029296875 772.54498291015625 769.989990234375 767.510009765625 765.67999267578125 764.625 763.8599853515625 763.489990234375 763.68798828125 763.030029296875 762.21502685546875
792.37200927734375 792.73297119140625 793.2030029296875 794.010009765625 794.87200927734375 795.68499755859375 796.52197265625 797.2919921875 797.625 797.530029296875 797.9749755859375 797.7230224609375 797.052001953125 795.86700439453125 792.66998291015625 783.46502685546875 766.10498046875 754.5150146484375 727.87799072265625 726.04498291015625 730.072998046875 736.0830078125 746.80999755859375 754.572998046875 765.52301025390625 772.72802734375 777.95001220703125 775.302001953125 771.26800537109375 768.9849853515625 767.99700927734375 769.47802734375 772.20501708984375 774.97698974609375 772.42999267578125 769.280029296875 766.42999267578125 763.61199951171875 762.0419921875 761.05999755859375 760.21002197265625 759.8070068359375 759.9730224609375 758.0250244140625 757.7080078125
790.739990234375 790.3380126953125 790.55499267578125 790.9949951171875 792.61199951171875 793.46002197265625 793.7249755859375 793.9019775390625 794.4019775390625 794.70001220703125 794.89697265625 794.67498779296875 794.04998779296875 793.1300048828125 791.8800048828125 777.85797119140625 757.5780029296875 738.8380126953125 729.7449951171875 725.06500244140625 728.969970703125 730.4849853515625 739.0679931640625 741.85302734375 740.197998046875 760.62799072265625 772.43798828125 769.7249755859375 762.17999267578125 759.51300048828125 758.62799072265625 761.43499755859375 767.0150146484375 769.9749755859375 767.8800048828125 764.5419921875 761.53497314453125 760.88800048828125 760.06500244140625 758.625 756.5570068359375 754.0570068359375 752.9169921875 756.1669921875 756.98699951171875
788.1619873046875 788.60302734375 788.83502197265625 788.968017578125 789.3699951171875 790.2130126953125 790.64501953125 791.19000244140625 792.1669921875 793.01300048828125 792.1519775390625 791.7919921875 791.219970703125 790.55499267578125 788.97198486328125 776.5999755859375 754.3070068359375 742.947998046875 734.1199951171875 725.86700439453125 724.9530029296875 727.70001220703125 728.87799072265625 730.302001953125 731.45001220703125 736.41998291015625 749.9580078125 762.9630126953125 758.0269775390625 748.03302001953125 749.6669921875 755.08502197265625 761.75299072265625 763.76300048828125 761.83001708984375 759.94500732421875 759.30499267578125 756.5050048828125 752.47198486328125 751.031982421875 750.822998046875 750.32000732421875 750.35198974609375 751.02197265625 751.34002685546875
785.572998046875 786.572998046875 786.97802734375 786.74700927734375 786.5369873046875 786.55999755859375 787.48297119140625 788.1500244140625 788.81298828125 789.03997802734375 789.35302734375 789.11700439453125 788.89697265625 787.719970703125 783.51800537109375 770.0830078125 757.7030029296875 749.37799072265625 741.04998779296875 733.2969970703125 724.927001953125 723.77197265625 723.35699462890625 727.52197265625 728.56298828125 728.4219970703125 731.77301025390625 733.94500732421875 732.6099853515625 733.07501220703125 740.4000244140625 750.906982421875 756.4849853515625 757.12200927734375 758.3179931640625 756.3380126953125 751.91998291015625 750.76800537109375 750.5780029296875 750.55499267578125 749.66497802734375 750.29998779296875 749.614990234375 750.64801025390625 751.280029296875
781.281982421875 782.364990234375 783.405029296875 782.86700439453125 782.135009765625 782.59002685546875 783.39501953125 784.72198486328125 785.63800048828125 786.56298828125 786.59002685546875 785.57000732421875 784.57000732421875 783.0980224609375 779.447998046875 770.07000732421875 763.43798828125 757.5419921875 750.99200439453125 742.114990234375 731.155029296875 726.8900146484375 722.94000244140625 722.17498779296875 721.69500732421875 722.7919921875 725.88299560546875 724.9949951171875 723.822998046875 723.625 726.593017578125 741.9320068359375 747.65997314453125 749.5830078125 751.781982421875 750.95001220703125 750.38299560546875 750 750.24700927734375 749.406982421875 748.80499267578125 748.656982421875 748.80499267578125 748.8070068359375 748.8499755859375
777.43798828125 777.780029296875 778.5050048828125 778.0250244140625 777.75299072265625 778.64501953125 778.8179931640625 780.23199462890625 782.06298828125 782.89501953125 782.7230224609375 782.1820068359375 781.0150146484375 779.48297119140625 778 776.5570068359375 772.0980224609375 765.5999755859375 757.2349853515625 750.1099853515625 743.593017578125 734.531982421875 730.16497802734375 725.35797119140625 723.77301025390625 721.6199951171875 721.30999755859375 721.1099853515625 720.8070068359375 720.83502197265625 722.16497802734375 726.7550048828125 733.875 741.19500732421875 750.76300048828125 750.61199951171875 749.91497802734375 749.135009765625 748.82000732421875 748.49700927734375 748.12200927734375 747.94000244140625 747.843017578125 747.7650146484375 747.9530029296875
775.635009765625 775.31500244140625 775.47698974609375 775.32501220703125 775.2550048828125 775.343017578125 775.59002685546875 776.1929931640625 777.2230224609375 778.22998046875 778.4219970703125 778.25 778.12200927734375 777.50799560546875 776.64300537109375 775.57501220703125 773.635009765625 771.25299072265625 768.8070068359375 760.22802734375 752.01300048828125 743.16998291015625 738.1669921875 732.74200439453125 732.3800048828125 730.32501220703125 725.8499755859375 724.052001953125 723.54498291015625 722.4119873046875 720.34002685546875 720.24700927734375 722.6099853515625 731.2650146484375 740.05499267578125 748.989990234375 749.36199951171875 748.7230224609375 747.95501708984375 747.47698974609375 747.2080078125 746.8330078125 746.78997802734375 747.2750244140625 747.4849853515625
772.6820068359375 773.0679931640625 773.5830078125 774.08001708984375 774.47998046875 774.36199951171875 774.822998046875 775.07501220703125 775.33502197265625 775.7750244140625 776.42498779296875 777.0880126953125 776.906982421875 776.36199951171875 776.02001953125 774.572998046875 772.697998046875 770.64501953125 768.6400146484375 767.07501220703125 761.375 753.6719970703125 747.25799560546875 741.718017578125 740.4580078125 737.5050048828125 733.56500244140625 731.177001953125 726.947998046875 723.2750244140625 722.99200439453125 717.7449951171875 717.44500732421875 721.87799072265625 728.27001953125 735.69000244140625 741.0880126953125 742.7550048828125 746.41998291015625 746.25799560546875 745.93798828125 745.5880126953125 745.7919921875 745.53997802734375 745.4169921875
772.25299072265625 772.3499755859375 772.6500244140625 773.218017578125 773.46502685546875 773.8499755859375 774.114990234375 774.52001953125 774.8480224609375 775.1619873046875 775.885009765625 776.24700927734375 775.7030029296875 775.68499755859375 774.82501220703125 773.24700927734375 771.469970703125 769.5250244140625 768.04998779296875 766.4949951171875 764.82501220703125 763.19000244140625 756.614990234375 751.81500244140625 747.906982421875 743.76300048828125 740.4169921875 738.1820068359375 732.8900146484375 728.88702392578125 722.88299560546875 721.219970703125 717.27001953125 718.2030029296875 721.5679931640625 723.6820068359375 723.4749755859375 734.72998046875 745.01800537109375 745.01800537109375 744.7230224609375 744.7130126953125 744.50299072265625 745.1300048828125 745.14501953125
769.4749755859375 771.85302734375 772.29998779296875 772.88800048828125 773.0880126953125 773.30499267578125 773.53997802734375 773.99700927734375 774.39300537109375 774.989990234375 775.46502685546875 775.2919921875 775.239990234375 774.68798828125 773.37799072265625 771.77001953125 770.0269775390625 768.4749755859375 767.3800048828125 765.8900146484375 764.7130126953125 764 762.40997314453125 758.92999267578125 755.531982421875 749.88299560546875 746.3499755859375 743.7650146484375 738.75 734.5369873046875 729.46697998046875 722.718017578125 721.36700439453125 716.27197265625 716.23699951171875 720.843017578125 720.9749755859375 721.99200439453125 735.3900146484375 741.8330078125 743.89202880859375 743.5469970703125 742.7349853515625 743.76300048828125 744.7230224609375
768.239990234375 771 771.93499755859375 772.406982421875 772.58001708984375 773.12799072265625 773.26800537109375 773.4119873046875 773.78497314453125 774.135009765625 774.75299072265625 774.53997802734375 774.281982421875 773.010009765625 771.74700927734375 770.16998291015625 768.6099853515625 767.28497314453125 766.42498779296875 765.28997802734375 764.9119873046875 764.76202392578125 767.4580078125 766.2230224609375 763.00799560546875 758.2650146484375 754.17498779296875 750.3499755859375 747.74200439453125 741.98699951171875 735.3599853515625 727.4849853515625 721.84002685546875 720.1400146484375 715.844970703125 715.405029296875 719.47198486328125 719.3800048828125 719.5050048828125 729.82000732421875 740.83001708984375 738.70501708984375 736.00799560546875 738.3330078125 740.322998046875
766.239990234375 768.70501708984375 771.0679931640625 771.71002197265625 772.23699951171875 772.76800537109375 772.9949951171875 773.1500244140625 773.2249755859375 773.052001953125 773.04998779296875 773.35797119140625 772.5050048828125 771.6099853515625 770.27301025390625 768.69000244140625 767.239990234375 766.1500244140625 765.34002685546875 764.7769775390625 764.96502685546875 765.1500244140625 769.29498291015625 767.71002197265625 767.53997802734375 765.1719970703125 761.64501953125 757.95501708984375 754.55499267578125 749.822998046875 741.44500732421875 736.34002685546875 727.625 723.1300048828125 719.80999755859375 714.75 714.77197265625 718.06298828125 719.3070068359375 719.6619873046875 725.0679931640625 729.0999755859375 729.2750244140625 732.6820068359375 736.83001708984375
764.89501953125 766.97998046875 769.781982421875 770.8900146484375 771.24200439453125 771.6820068359375 772.0980224609375 772.219970703125 772.07000732421875 771.9530029296875 771.2919921875 770.85699462890625 770.969970703125 770.71002197265625 769.24200439453125 767.4320068359375 766.03497314453125 765.0780029296875 764.4949951171875 764.2750244140625 764.572998046875 764.6929931640625 769.39801025390625 767.405029296875 767.385009765625 766.85498046875 766.135009765625 764.9019775390625 760.968017578125 755.5780029296875 749.4320068359375 744.2919921875 736.9119873046875 731.4949951171875 723.6820068359375 720.4219970703125 714.40997314453125 713.39501953125 717.35302734375 718.1719970703125 719.322998046875 719.406982421875 723.7230224609375 727.56298828125 731.3480224609375
764.0269775390625 766.14501953125 768.2230224609375 769.364990234375 770.3070068359375 770.5570068359375 770.81500244140625 770.86199951171875 770.56298828125 770.219970703125 769.844970703125 769.280029296875 768.7650146484375 767.81298828125 766.125 766.62799072265625 765.37799072265625 764.40997314453125 763.78997802734375 763.71002197265625 763.82501220703125 764.61297607421875 768.9320068359375 767.19000244140625 767.23699951171875 766.79998779296875 765.9019775390625 764.5250244140625 763.54998779296875 761.22998046875 755.44000244140625 749.36700439453125 743.2349853515625 736.60198974609375 729.656982421875 723.33502197265625 718.405029296875 713.1099853515625 713.58001708984375 717.0570068359375 718.9320068359375 719.17498779296875 719.41998291015625 723.61700439453125 728.24200439453125
763.89801025390625 764.9630126953125 766.22998046875 768.0419921875 768.2249755859375 768.60302734375 769.1400146484375 769.10498046875 769.072998046875 769.03997802734375 768.8280029296875 768.25 767.405029296875 765.4730224609375 763.5 763.5250244140625 762.70001220703125 764.0419921875 763.4019775390625 763.156982421875 763.19500732421875 764.375 768.48699951171875 766.93499755859375 766.86700439453125 766.510009765625 765.68798828125 764.656982421875 763.11700439453125 762.1500244140625 758.89801025390625 754.22698974609375 748.67498779296875 741.2769775390625 734.1199951171875 728.1619873046875 722.91998291015625 718.5880126953125 712.7030029296875 711.468017578125 718.82501220703125 719.02001953125 719.14501953125 720.5269775390625 724.7769775390625
761.98297119140625 762.80499267578125 763.5999755859375 764.38800048828125 764.947998046875 765.8280029296875 766.9949951171875 767.78497314453125 768.197998046875 768.28497314453125 767.82501220703125 765.7869873046875 763.01300048828125 761.4630126953125 761.5570068359375 761.29498291015625 761.5150146484375 761.10699462890625 760.32000732421875 762.5880126953125 762.0150146484375 764.67999267578125 767.780029296875 766.6500244140625 766.4429931640625 766.07501220703125 765.4219970703125 764.2249755859375 762.7650146484375 761.5999755859375 761.0679931640625 754.64801025390625 750.02001953125 744.65997314453125 740.07000732421875 734.02197265625 729.05499267578125 723.322998046875 717.19500732421875 710.614990234375 711.83001708984375 718.60198974609375 719.2869873046875 719.6199951171875 719.802001953125
759.135009765625 759.406982421875 759.81500244140625 760.344970703125 760.9749755859375 761.885009765625 763.07000732421875 765.1669921875 764.27301025390625 763.52001953125 763.30999755859375 762.15301513671875 760.8900146484375 760.67498779296875 760.76300048828125 760.5269775390625 760.8070068359375 760.89202880859375 760.5150146484375 759.64697265625 761.28497314453125 765.20001220703125 766.82501220703125 766.16998291015625 766.052001953125 765.4320068359375 764.656982421875 763.58502197265625 762.0999755859375 761.12799072265625 760.35498046875 756.885009765625 750.9119873046875 745.84002685546875 740.156982421875 736.19000244140625 731.04498291015625 724.12799072265625 721.2230224609375 714.33502197265625 709.97698974609375 710.1669921875 719.26800537109375 717.92999267578125 719.4000244140625
755.11798095703125 755.135009765625 755.31500244140625 755.69000244140625 756.35498046875 757.21502685546875 758.29998779296875 759.90997314453125 758.42999267578125 758.79998779296875 758.93499755859375 759.12799072265625 759.4119873046875 759.67498779296875 759.86199951171875 759.67999267578125 759.58502197265625 759.81298828125 759.7030029296875 756.81298828125 760.572998046875 765.88800048828125 765.7969970703125 765.30499267578125 765.0999755859375 764.56298828125 763.6300048828125 762.2769775390625 761.26300048828125 760.4849853515625 759.5570068359375 757.85498046875 751.69000244140625 745.89697265625 739.8800048828125 735.7969970703125 727.13800048828125 723.3380126953125 721.36199951171875 715.156982421875 713.66998291015625 709.61199951171875 715.88299560546875 716.35198974609375 719.66497802734375
