geodata/original_dem.asc
ncols        471
nrows        400
xllcorner    477409.500000000000
yllcorner    185590.500000000000
cellsize     10.000000000000
NODATA_value  -9999
[rows 100 to 119 of 400, columns 44 to 87 of 471]
1218.6929931640625 1221.5980224609375 1227.126953125 1230.1669921875 1233.68505859375 1237.843017578125 1242.322998046875 1247.0269775390625 1253.1820068359375 1258.7030029296875 1263.6400146484375 1269.748046875 1276.2130126953125 1283.3330078125 1290.9580078125 1295.6319580078125 1300.0570068359375 1304.72802734375 1309.10302734375 1311.89697265625 1314.3199462890625 1317.7550048828125 1321.0570068359375 1324.2669677734375 1327.760009765625 1331.998046875 1336.968017578125 1340.699951171875 1342.876953125 1344.9749755859375 1348.6099853515625 1353.2650146484375 1358.4549560546875 1363.5 1367.7650146484375 1373.155029296875 1379.2869873046875 1385.2550048828125 1392.2080078125 1399.3480224609375 1404.802001953125 1410.616943359375 1416.8499755859375 1424.2750244140625
1214.886962890625 1219.530029296875 1224.4830322265625 1226.5980224609375 1230.0419921875 1234.3399658203125 1238.988037109375 1243.4630126953125 1248.39697265625 1256.02001953125 1261.06494140625 1267.875 1275.594970703125 1282.2080078125 1289.0150146484375 1291.6219482421875 1297.468017578125 1301.7850341796875 1305.468017578125 1308.1500244140625 1311.8179931640625 1315.2879638671875 1319.1099853515625 1322.593017578125 1325.781982421875 1329.9300537109375 1333.9320068359375 1336.9200439453125 1339.4649658203125 1341.758056640625 1345.052001953125 1348.5550537109375 1353.510009765625 1357.97998046875 1362.593017578125 1368.6300048828125 1375.3599853515625 1381.6099853515625 1388.7950439453125 1395.719970703125 1401.8299560546875 1407.425048828125 1414.4649658203125 1421.85498046875
1211.06298828125 1215.3070068359375 1218.6600341796875 1224.2900390625 1226.7349853515625 1230.9119873046875 1236.2679443359375 1241.050048828125 1246.281982421875 1253.72998046875 1259.843017578125 1267.510009765625 1274.7900390625 1281.1180419921875 1286.501953125 1291.1180419921875 1292.7030029296875 1296.4630126953125 1300.947998046875 1304.800048828125 1308.947998046875 1312.8299560546875 1316.4150390625 1320.052001953125 1322.8480224609375 1326.844970703125 1330.1300048828125 1332.9649658203125 1335.0050048828125 1338.094970703125 1341.998046875 1345.5469970703125 1349.2919921875 1354.4219970703125 1359.1300048828125 1365.123046875 1371.4000244140625 1378.468017578125 1385.052001953125 1392.0469970703125 1398.637939453125 1405.3480224609375 1412.2750244140625 1420.2950439453125
1207.1669921875 1210.8699951171875 1215.93994140625 1219.4649658203125 1223.748046875 1227.4150390625 1234.6099853515625 1239.0880126953125 1244.3800048828125 1251.1650390625 1259 1266.9599609375 1273.7149658203125 1279.9830322265625 1284.56005859375 1287.366943359375 1291.0369873046875 1292.47802734375 1295.5469970703125 1300.52001953125 1304.77001953125 1308.699951171875 1312.8349609375 1316.2950439453125 1318.7099609375 1322.050048828125 1325.052001953125 1327.5570068359375 1330.5780029296875 1334.885009765625 1339.4029541015625 1341.7349853515625 1345.7080078125 1350.0269775390625 1355.9649658203125 1362.125 1368.300048828125 1375.0169677734375 1381.72802734375 1388.3070068359375 1395.4320068359375 1402.760009765625 1409.6820068359375 1418.47802734375
1203.7130126953125 1207.491943359375 1213.552001953125 1217.258056640625 1220.9150390625 1224.633056640625 1230.780029296875 1237.5980224609375 1242.60498046875 1250.219970703125 1258.31298828125 1265.883056640625 1272.1820068359375 1278.219970703125 1281.2080078125 1283.6619873046875 1286.447998046875 1291.2330322265625 1293.625 1294.7230224609375 1300.0469970703125 1304.373046875 1308.7030029296875 1311.616943359375 1314.344970703125 1316.52001953125 1318.8280029296875 1322.2900390625 1327.22998046875 1332.373046875 1336.501953125 1339.7030029296875 1343.2650146484375 1347.06298828125 1354.1519775390625 1360.3330078125 1366.2900390625 1372.2669677734375 1378.2149658203125 1384.758056640625 1392.0830078125 1399.8050537109375 1407.2969970703125 1413.9580078125
1200.4449462890625 1204.64501953125 1210.31005859375 1214.552001953125 1219.010009765625 1222.6929931640625 1227.385009765625 1235.7080078125 1242.1300048828125 1249.3499755859375 1257.248046875 1264.550048828125 1270.738037109375 1275.677001953125 1278.248046875 1281.64697265625 1284.9300537109375 1288.1700439453125 1289.8070068359375 1292.9549560546875 1294.947998046875 1299.5 1303.18505859375 1306.2550048828125 1309.125 1311.47802734375 1313.9169921875 1319.574951171875 1326.0250244140625 1329.300048828125 1334.43994140625 1338.1300048828125 1342.072998046875 1347.626953125 1352.7230224609375 1359.2149658203125 1365.0679931640625 1370.68798828125 1375.56005859375 1382.947998046875 1390.39501953125 1397.2869873046875 1404.114990234375 1410.7919921875
1197.1650390625 1200.27001953125 1206.52197265625 1209.625 1216.9649658203125 1221.094970703125 1225.427001953125 1231.7919921875 1240.219970703125 1248.2330322265625 1255.68505859375 1261.552001953125 1267.251953125 1271.761962890625 1276.635009765625 1279.9169921875 1283.030029296875 1285.5369873046875 1287.3499755859375 1287.3819580078125 1291.18505859375 1292.614990234375 1297.35498046875 1300.594970703125 1303.6500244140625 1306.22802734375 1311.2030029296875 1318.031982421875 1323.488037109375 1327.68798828125 1332.133056640625 1336.699951171875 1341.1300048828125 1346.14697265625 1351.376953125 1356.030029296875 1361.366943359375 1367.3900146484375 1373.135009765625 1380.875 1388.4000244140625 1394.8399658203125 1401.136962890625 1407.4830322265625
1193.97802734375 1197.06494140625 1202.5830078125 1206.968017578125 1212.8499755859375 1219.6199951171875 1223.6719970703125 1229.43505859375 1237.89501953125 1245.4119873046875 1251.199951171875 1258.2080078125 1264.126953125 1268.8399658203125 1272.925048828125 1277.25 1279.9830322265625 1282.5250244140625 1282.488037109375 1283.406982421875 1284.7919921875 1290.001953125 1290.9429931640625 1295.6300048828125 1299.030029296875 1303.9119873046875 1309.2449951171875 1314.6929931640625 1320.7850341796875 1325.748046875 1329.8349609375 1335.126953125 1340.64501953125 1346.2900390625 1349.883056640625 1352.199951171875 1357.27197265625 1363.2669677734375 1370.5450439453125 1378.199951171875 1385.594970703125 1391.7550048828125 1397.800048828125 1403.4219970703125
1191.2220458984375 1194.0999755859375 1200.385009765625 1204.675048828125 1208.8699951171875 1217.7950439453125 1222.5050048828125 1227.991943359375 1235.81298828125 1243.251953125 1249.4949951171875 1255.7769775390625 1261.0570068359375 1264.3480224609375 1268.18994140625 1272.8179931640625 1276.85498046875 1277.508056640625 1278.5179443359375 1279.824951171875 1281.9949951171875 1285.02197265625 1290.031982421875 1291.8680419921875 1296.9630126953125 1302.405029296875 1306.385009765625 1311.5150146484375 1318.0450439453125 1322.6500244140625 1328.300048828125 1333.3900146484375 1339.0830078125 1345.4580078125 1347.4849853515625 1349.094970703125 1353.4100341796875 1359.4849853515625 1367.2769775390625 1375.3280029296875 1381.6949462890625 1388.43994140625 1393.780029296875 1399.261962890625
1189.0350341796875 1192.4599609375 1198.9580078125 1201.3680419921875 1205.1650390625 1213.739990234375 1221.4429931640625 1227.0830078125 1234.8299560546875 1241.5169677734375 1247.9200439453125 1253.675048828125 1258.050048828125 1260.60498046875 1263.614990234375 1268.02001953125 1271.5699462890625 1274.822998046875 1275.9429931640625 1277.3349609375 1280.0570068359375 1283.2750244140625 1288.511962890625 1291.2230224609375 1295.7080078125 1299.593017578125 1303.4549560546875 1308.6949462890625 1314.6700439453125 1320.6600341796875 1325.9100341796875 1331.1719970703125 1336.741943359375 1343.0400390625 1345.3050537109375 1346.302001953125 1349.7230224609375 1355.802001953125 1364.008056640625 1372.31494140625 1378.43994140625 1384.4630126953125 1389.613037109375 1394.60302734375
1186.60498046875 1192.635009765625 1195.0369873046875 1197.968017578125 1202.593017578125 1210.8330078125 1219.9219970703125 1227.136962890625 1234.074951171875 1240.3399658203125 1247.64697265625 1252.85302734375 1254.425048828125 1256.302001953125 1260.030029296875 1264.0369873046875 1268.0699462890625 1270.2769775390625 1273.06005859375 1275.31005859375 1278.2950439453125 1282.406982421875 1286.197998046875 1289.6929931640625 1293.2130126953125 1297.008056640625 1300.4150390625 1305.614990234375 1311.77001953125 1317.8570556640625 1323.4200439453125 1329.0469970703125 1334.0799560546875 1341.2080078125 1343.43505859375 1345.0699462890625 1347.72802734375 1353.094970703125 1360.9300537109375 1368.6619873046875 1374.81494140625 1380.06005859375 1385.261962890625 1390.14697265625
1183.239990234375 1187.748046875 1194.123046875 1197.218017578125 1201.9820556640625 1209.741943359375 1217.405029296875 1224.1929931640625 1231.001953125 1237.1929931640625 1243.8480224609375 1248.0849609375 1250.27197265625 1252.375 1256.510009765625 1260.0880126953125 1263.3399658203125 1265.8900146484375 1267.780029296875 1271.31298828125 1274.7650146484375 1278.886962890625 1282.8070068359375 1287.0150146484375 1290.6600341796875 1293.77197265625 1297.675048828125 1303.5899658203125 1308.802001953125 1314.6319580078125 1320.281982421875 1325.2330322265625 1330.64697265625 1335.886962890625 1338.8900146484375 1342.47802734375 1345.7030029296875 1351.06494140625 1358.1700439453125 1364.4000244140625 1370.343017578125 1375.468017578125 1381.0780029296875 1386.14501953125
1182.52001953125 1186.2349853515625 1192.1619873046875 1196.8299560546875 1201.906982421875 1208.27001953125 1214.9000244140625 1221.6099853515625 1228.85498046875 1234.550048828125 1239.43505859375 1243.89697265625 1246.9580078125 1249.1429443359375 1250.741943359375 1255.574951171875 1258.14501953125 1259.4830322265625 1261.8380126953125 1266.1070556640625 1270.47802734375 1274.3499755859375 1278.6820068359375 1285.10302734375 1288.0880126953125 1290.9300537109375 1295.9599609375 1301.1400146484375 1306.0780029296875 1310.6199951171875 1315.6650390625 1321.3499755859375 1326.85302734375 1330.5880126953125 1334.3199462890625 1338.2530517578125 1343.376953125 1349.18798828125 1354.60498046875 1359.8299560546875 1365.2320556640625 1371.0780029296875 1377.5 1383.0350341796875
1180.238037109375 1184.3199462890625 1191.6669921875 1196.425048828125 1200.991943359375 1206.616943359375 1212.5419921875 1219.375 1226.0980224609375 1231.27001953125 1236.655029296875 1240.3299560546875 1243.1519775390625 1245.427001953125 1247.31298828125 1249.9019775390625 1252.375 1254.5 1257 1262.758056640625 1266.988037109375 1271.0799560546875 1275.218017578125 1281.251953125 1284.9949951171875 1288.56494140625 1293.511962890625 1296.6099853515625 1300.7220458984375 1305.5880126953125 1311.1820068359375 1316.93994140625 1321.5880126953125 1325.0269775390625 1330.635009765625 1334.0849609375 1340.4200439453125 1345.2569580078125 1349.6929931640625 1354.718017578125 1360.991943359375 1366.949951171875 1373.386962890625 1378.751953125
1178.802001953125 1182.68505859375 1190.7900390625 1194.7969970703125 1199.72998046875 1205.625 1210.5469970703125 1215.905029296875 1222.8050537109375 1228.18798828125 1232.2679443359375 1235.89697265625 1238.6519775390625 1240.7320556640625 1242.6719970703125 1244.5699462890625 1245.876953125 1248.0400390625 1251.8470458984375 1256.3470458984375 1263.6700439453125 1268.06005859375 1272.1600341796875 1277.126953125 1282.39697265625 1283.4730224609375 1288.1600341796875 1291.7049560546875 1295.9630126953125 1300.6700439453125 1307.4530029296875 1313.75 1316.947998046875 1320.552001953125 1326.574951171875 1330.594970703125 1336.574951171875 1340.5570068359375 1344.8900146484375 1350.60498046875 1356.623046875 1362.675048828125 1368.6800537109375 1374.0469970703125
1177.5899658203125 1181.2850341796875 1189.06298828125 1192.8349609375 1197.324951171875 1203.7919921875 1209.06005859375 1212.5999755859375 1219.14697265625 1224.5450439453125 1228.155029296875 1231.218017578125 1233.7330322265625 1235.8280029296875 1237.9820556640625 1240.114990234375 1241.9849853515625 1243.008056640625 1246.22802734375 1251.822998046875 1257.9449462890625 1264.5679931640625 1268.89697265625 1273.5550537109375 1276.2900390625 1281.114990234375 1284.7330322265625 1288.25 1292.780029296875 1296.52001953125 1303.386962890625 1308.89697265625 1312.2669677734375 1315.9200439453125 1322.2449951171875 1326.1719970703125 1330.906982421875 1335.4599609375 1340.5899658203125 1346.0799560546875 1352.199951171875 1358.0830078125 1363.3050537109375 1369.1519775390625
1176.1700439453125 1179.802001953125 1186.9000244140625 1191.1719970703125 1195.7430419921875 1201.5799560546875 1207.18798828125 1211.3050537109375 1215.5250244140625 1220.177001953125 1224.239990234375 1228.39501953125 1230.14501953125 1231.7149658203125 1233.9580078125 1236.35302734375 1237.998046875 1239.156982421875 1241.114990234375 1248.9000244140625 1253.5250244140625 1260.7030029296875 1265.366943359375 1269.9849853515625 1273.510009765625 1277.322998046875 1280.8499755859375 1284.906982421875 1289.0830078125 1292.8199462890625 1298.1600341796875 1303.0980224609375 1307.0269775390625 1311.8280029296875 1316.489990234375 1321.10302734375 1325.427001953125 1330.5 1336.4749755859375 1342.0780029296875 1347.52001953125 1352.85302734375 1358.0179443359375 1363.5469970703125
1174.633056640625 1178.489990234375 1184.0400390625 1189.89697265625 1194.97802734375 1200.5980224609375 1205.6199951171875 1209.7750244140625 1213.4849853515625 1217.261962890625 1221.738037109375 1226.5450439453125 1227.1300048828125 1228.7969970703125 1230.886962890625 1232.97998046875 1234.5679931640625 1235.9320068359375 1237.7320556640625 1243.6700439453125 1249.52001953125 1255.9530029296875 1262.52197265625 1267.383056640625 1270.969970703125 1274.10498046875 1278.0570068359375 1280.89697265625 1285.363037109375 1290.302001953125 1293.9100341796875 1297.77001953125 1301.7779541015625 1308.383056640625 1311.885009765625 1315.802001953125 1320.758056640625 1326.175048828125 1332.1719970703125 1337.81005859375 1343.280029296875 1347.989990234375 1352.8699951171875 1358.343017578125
1172.302001953125 1177.238037109375 1183.385009765625 1188.5 1194 1199.677001953125 1204.75 1208.3349609375 1211.655029296875 1215.9630126953125 1221.35302734375 1223.0830078125 1224.56298828125 1226.5899658203125 1228.68505859375 1230.2049560546875 1231.489990234375 1233.113037109375 1235.126953125 1240.97802734375 1247.2049560546875 1252.800048828125 1259.2330322265625 1264.5849609375 1268.116943359375 1271.593017578125 1274.47802734375 1276.9200439453125 1282.9549560546875 1286.7900390625 1290.1180419921875 1293.5999755859375 1297.68505859375 1302.4429931640625 1306.3800048828125 1311.199951171875 1316.574951171875 1321.844970703125 1327.2149658203125 1332.77001953125 1337.72802734375 1342.383056640625 1347.998046875 1353.7769775390625
1170.969970703125 1176.175048828125 1182.3199462890625 1186.5400390625 1192.010009765625 1198.094970703125 1203.136962890625 1206.7449951171875 1209.9530029296875 1213.219970703125 1216.843017578125 1220.4019775390625 1222.510009765625 1224.6429443359375 1226.510009765625 1227.9119873046875 1229.1719970703125 1230.7679443359375 1232.6949462890625 1237.9219970703125 1244.6949462890625 1249.802001953125 1255.697998046875 1261.4200439453125 1264.800048828125 1268.8399658203125 1271.3599853515625 1274.8199462890625 1279.2149658203125 1283.3299560546875 1285.2030029296875 1288.0880126953125 1293.4219970703125 1296.655029296875 1301.155029296875 1306.31298828125 1311.386962890625 1316.7869873046875 1322.0899658203125 1327.10498046875 1332.072998046875 1337.7149658203125 1343.2049560546875 1349.7900390625
