geodata/original_dem.asc
ncols        471
nrows        400
xllcorner    477409.500000000000
yllcorner    185590.500000000000
cellsize     10.000000000000
NODATA_value  -9999
[rows 260 to 279 of 400, columns 176 to 219 of 471]
1104.7330322265625 1110.3299560546875 1115.873046875 1121.635009765625 1126.8699951171875 1131.7969970703125 1137.5849609375 1143.219970703125 1149.0899658203125 1154.8599853515625 1160.1199951171875 1166.386962890625 1171.781982421875 1176.699951171875 1181.9580078125 1187.3299560546875 1192.02197265625 1195.386962890625 1200.135009765625 1204.10302734375 1208.0880126953125 1212.3480224609375 1216.2249755859375 1219.802001953125 1224.0550537109375 1227.4949951171875 1229.9649658203125 1232.8599853515625 1235.866943359375 1238.949951171875 1241.675048828125 1246.0899658203125 1250 1253.72802734375 1256.469970703125 1258.9200439453125 1262.1700439453125 1264.550048828125 1267.5369873046875 1270.719970703125 1273.780029296875 1277.27197265625 1280.364990234375 1282.75
1106.97802734375 1111.4219970703125 1117.1180419921875 1122 1127.511962890625 1132.97998046875 1138.199951171875 1144.0400390625 1149.905029296875 1155.89697265625 1161.199951171875 1167.43505859375 1173.155029296875 1178.550048828125 1184.498046875 1189.4949951171875 1194.5830078125 1198.468017578125 1202.4150390625 1206.614990234375 1209.8280029296875 1213.9200439453125 1218.125 1221.886962890625 1225.9599609375 1229.5250244140625 1232.7099609375 1235.5450439453125 1239.125 1242.8050537109375 1246.2349853515625 1249.655029296875 1253.0899658203125 1256.324951171875 1258.72802734375 1261.72998046875 1264.1519775390625 1267.0799560546875 1269.883056640625 1272.9849853515625 1276.447998046875 1279.8819580078125 1283.261962890625 1286.25
1108.31298828125 1113.116943359375 1117.97802734375 1122.93798828125 1128.5699462890625 1134.2950439453125 1139.7550048828125 1146.011962890625 1151.97802734375 1158.0350341796875 1163.81494140625 1169.6650390625 1174.8070068359375 1180.5780029296875 1186.7030029296875 1191.89697265625 1196.9549560546875 1201.1800537109375 1205.1080322265625 1208.3050537109375 1212.4599609375 1215.5550537109375 1219.5799560546875 1223.4649658203125 1227.3499755859375 1231.7679443359375 1235.4549560546875 1238.2249755859375 1241.6600341796875 1246.06005859375 1249.4949951171875 1252.9549560546875 1255.8050537109375 1258.883056640625 1261.594970703125 1264.0699462890625 1266.8380126953125 1269.572998046875 1272.761962890625 1275.5469970703125 1278.9300537109375 1283.363037109375 1284.8819580078125 1288.06298828125
1109.3280029296875 1114.197998046875 1119.4599609375 1124.6300048828125 1129.93505859375 1135.8599853515625 1141.344970703125 1147.43994140625 1153.5350341796875 1159.802001953125 1165.5350341796875 1171.510009765625 1177.156982421875 1182.636962890625 1188.77197265625 1194.135009765625 1198.9029541015625 1203.237060546875 1207.7349853515625 1210.873046875 1214.758056640625 1217.447998046875 1220.81005859375 1224.6800537109375 1228.9219970703125 1233.5699462890625 1237.89501953125 1241.3280029296875 1245.386962890625 1248.9100341796875 1252.7320556640625 1256.0880126953125 1258.52001953125 1261.2030029296875 1264.030029296875 1266.376953125 1269.5980224609375 1272.31494140625 1275.3070068359375 1278.469970703125 1282.364990234375 1284.22998046875 1287.927001953125 1290.8570556640625
1110.52197265625 1115.6519775390625 1120.780029296875 1126.52197265625 1131.614990234375 1137.574951171875 1143.2569580078125 1149.677001953125 1155.3299560546875 1161.43994140625 1166.9599609375 1173.22802734375 1179.280029296875 1185.1529541015625 1191.31494140625 1195.7330322265625 1200.72802734375 1205.2900390625 1209.623046875 1213.1719970703125 1216.8480224609375 1219.7919921875 1222.300048828125 1225.7969970703125 1230.14697265625 1235.094970703125 1239.56494140625 1244.011962890625 1247.6429443359375 1252.5570068359375 1256.094970703125 1259.126953125 1261.593017578125 1263.947998046875 1266.125 1269.386962890625 1272.2750244140625 1275.3919677734375 1279.072998046875 1280.85498046875 1283.9000244140625 1287.3699951171875 1290.7900390625 1294.155029296875
1111.8929443359375 1117.1429443359375 1122.6099853515625 1127.7049560546875 1133.262939453125 1139.27197265625 1145.280029296875 1152.2950439453125 1157.9100341796875 1163.75 1169.008056640625 1174.5679931640625 1181.030029296875 1186.7449951171875 1192.5269775390625 1197.5469970703125 1202.1719970703125 1206.3280029296875 1211.300048828125 1213.873046875 1217.93505859375 1221.18505859375 1223.636962890625 1227.5419921875 1231.9019775390625 1236.616943359375 1241.300048828125 1246.1619873046875 1250.5350341796875 1254.4000244140625 1258.2130126953125 1261.133056640625 1264.197998046875 1266.5849609375 1268.468017578125 1272.2550048828125 1275.8050537109375 1279.0050048828125 1279.238037109375 1283.572998046875 1286.9949951171875 1290.4200439453125 1294.0050048828125 1297.3570556640625
1112.2330322265625 1117.7919921875 1123.625 1129.093017578125 1134.822998046875 1140.748046875 1146.4599609375 1153.3480224609375 1158.8900146484375 1165.322998046875 1170.6400146484375 1176.302001953125 1181.6719970703125 1188.761962890625 1193.843017578125 1198.7919921875 1203.385009765625 1207.3179931640625 1211.1199951171875 1215.1600341796875 1219.1300048828125 1222.677001953125 1225.488037109375 1229.2750244140625 1234.2650146484375 1238.9000244140625 1243.9000244140625 1248.741943359375 1252.3929443359375 1255.7320556640625 1259.260009765625 1262.3699951171875 1265.47998046875 1268.18505859375 1270.64697265625 1274.3800048828125 1278.239990234375 1280.0780029296875 1283.0279541015625 1286.2850341796875 1290.0699462890625 1293.6600341796875 1296.5980224609375 1301.050048828125
1113.510009765625 1118.699951171875 1124.2550048828125 1129.510009765625 1135.35302734375 1141.4100341796875 1147.4429931640625 1154.0450439453125 1159.97802734375 1165.574951171875 1172.43505859375 1178.613037109375 1184.261962890625 1190.0799560546875 1195.0570068359375 1200.4730224609375 1204.4830322265625 1208.8570556640625 1212.031982421875 1215.72802734375 1219.905029296875 1224.155029296875 1227.927001953125 1231.261962890625 1236.6400146484375 1241.280029296875 1246.3900146484375 1250.9219970703125 1254.93798828125 1257.758056640625 1260.4150390625 1263.6080322265625 1266.89697265625 1269.9749755859375 1272.9000244140625 1276.9100341796875 1279.5369873046875 1283.1619873046875 1285.8280029296875 1289.9930419921875 1293.1500244140625 1296.0780029296875 1299.6719970703125 1303.7919921875
1115.06005859375 1120.64501953125 1125.824951171875 1131.8800048828125 1136.31298828125 1142.9549560546875 1148.449951171875 1155.2669677734375 1161.7230224609375 1168.1719970703125 1174.5849609375 1180.8699951171875 1186.093017578125 1191.64697265625 1196.0250244140625 1201.364990234375 1206.1800537109375 1210.1300048828125 1213.97998046875 1217.52001953125 1221.1419677734375 1225.1700439453125 1229.8499755859375 1233.7130126953125 1238.7449951171875 1243.77001953125 1248.5830078125 1253.239990234375 1256.988037109375 1260.010009765625 1262.5570068359375 1265.5999755859375 1268.822998046875 1271.636962890625 1275.6949462890625 1277.780029296875 1281.7869873046875 1285.2969970703125 1288.7969970703125 1292.9580078125 1295.469970703125 1299.623046875 1303.0550537109375 1306.47802734375
1117.2249755859375 1122.593017578125 1127.947998046875 1133.2569580078125 1138.2769775390625 1144.281982421875 1149.9849853515625 1156.64697265625 1162.7149658203125 1168.9119873046875 1175.2130126953125 1181.5880126953125 1187.300048828125 1192.8599853515625 1198.125 1202.989990234375 1207.2130126953125 1211.7030029296875 1215.4830322265625 1219.175048828125 1222.93994140625 1226.780029296875 1231.4100341796875 1235.6400146484375 1240.8470458984375 1245.491943359375 1250.8800048828125 1255.177001953125 1258.800048828125 1261.905029296875 1264.843017578125 1268.0699462890625 1271.626953125 1274.6800537109375 1277.1099853515625 1280.905029296875 1284.2650146484375 1288.114990234375 1291.876953125 1294.5980224609375 1299.125 1302.386962890625 1305.9169921875 1309.1619873046875
1118.498046875 1124.363037109375 1129.5849609375 1134.9549560546875 1140.7049560546875 1146.1519775390625 1151.7950439453125 1157.52197265625 1163.989990234375 1170.177001953125 1176.3380126953125 1182.64501953125 1188.7669677734375 1194.3349609375 1199.1600341796875 1204.238037109375 1208.7550048828125 1212.449951171875 1216.81298828125 1220.7030029296875 1224.43505859375 1228.824951171875 1233.25 1237.875 1242.9930419921875 1248.2220458984375 1252.739990234375 1256.998046875 1260.802001953125 1263.781982421875 1267.0050048828125 1269.9219970703125 1273.6650390625 1276.126953125 1279.5799560546875 1283.489990234375 1286.8599853515625 1290.6400146484375 1293.9530029296875 1297.531982421875 1301.530029296875 1305.718017578125 1308.6429443359375 1312.3199462890625
1120.824951171875 1125.697998046875 1131.2249755859375 1136.719970703125 1142.0179443359375 1147.85302734375 1153.843017578125 1159.56005859375 1165.927001953125 1171.866943359375 1178.5550537109375 1185.197998046875 1190.6929931640625 1196.1099853515625 1201.2030029296875 1205.3499755859375 1209.6099853515625 1213.6669921875 1217.93994140625 1221.7869873046875 1225.35498046875 1230.14501953125 1235.0550537109375 1239.491943359375 1245.22998046875 1249.5830078125 1255.2919921875 1259.0830078125 1262.800048828125 1266.238037109375 1269.386962890625 1272.8399658203125 1275.3299560546875 1279.123046875 1281.7679443359375 1285.31298828125 1289.2149658203125 1293.633056640625 1296.8699951171875 1300.4720458984375 1304.5550537109375 1308.56005859375 1311.81494140625 1315.0469970703125
1123.2679443359375 1127.6600341796875 1132.6800537109375 1138.0179443359375 1143.56494140625 1149.1949462890625 1155.155029296875 1161.1500244140625 1167.6429443359375 1173.718017578125 1180.199951171875 1186.9019775390625 1192.68505859375 1197.97802734375 1202.885009765625 1207.1099853515625 1211.10498046875 1214.968017578125 1219.02001953125 1223.239990234375 1226.9849853515625 1231.89697265625 1236.7430419921875 1241.258056640625 1247.197998046875 1251.93994140625 1257.3330078125 1261.7230224609375 1264.7850341796875 1268.1500244140625 1272.0400390625 1273.7030029296875 1277.7149658203125 1280.8599853515625 1284.366943359375 1287.7650146484375 1291.675048828125 1295.251953125 1298.9449462890625 1302.699951171875 1306.864990234375 1311.2850341796875 1314.8699951171875 1317.9949951171875
1125.2120361328125 1129.64697265625 1134.7679443359375 1140.2349853515625 1145.427001953125 1151.0550537109375 1156.5899658203125 1162.6600341796875 1168.738037109375 1174.875 1181.8699951171875 1187.9530029296875 1194.4200439453125 1199.39501953125 1203.9949951171875 1208.883056640625 1213.113037109375 1216.800048828125 1221.1600341796875 1224.2149658203125 1229.322998046875 1234.0250244140625 1238.6650390625 1243.530029296875 1249.97998046875 1254.656982421875 1259.281982421875 1263.3480224609375 1266.7550048828125 1271.0150146484375 1272.77001953125 1276.2130126953125 1279.60498046875 1283.1400146484375 1286.623046875 1290.52001953125 1293.77001953125 1298.114990234375 1302.0830078125 1306.10498046875 1310.0250244140625 1314.0350341796875 1317.68798828125 1321.094970703125
1127.7130126953125 1132.123046875 1137.1199951171875 1142.135009765625 1147.5169677734375 1152.8070068359375 1158.1070556640625 1163.7950439453125 1170.02001953125 1176.531982421875 1182.2030029296875 1188.9100341796875 1195.0999755859375 1200.633056640625 1205.6400146484375 1210.0050048828125 1214.5830078125 1219.06005859375 1223.175048828125 1226.843017578125 1231.3070068359375 1235.780029296875 1241.2349853515625 1246.739990234375 1251.800048828125 1256.7049560546875 1261.02197265625 1264.6199951171875 1268.883056640625 1271.06494140625 1275.260009765625 1278.1519775390625 1281.75 1285.4849853515625 1289.5179443359375 1292.738037109375 1296.85302734375 1300.8580322265625 1305.0570068359375 1309.177001953125 1313.052001953125 1316.4200439453125 1320.35498046875 1324.258056640625
1129.989990234375 1134.5150146484375 1139.27197265625 1144.3299560546875 1149.4820556640625 1154.7650146484375 1159.56005859375 1165.3800048828125 1171.5150146484375 1177.85302734375 1183.9580078125 1190.675048828125 1195.501953125 1201.56005859375 1206.52197265625 1211.10498046875 1215.1800537109375 1220.1400146484375 1224.3800048828125 1228.7049560546875 1232.9100341796875 1237.760009765625 1242.7249755859375 1248.574951171875 1253.47998046875 1258.175048828125 1263.031982421875 1266.4449462890625 1270.697998046875 1274.1300048828125 1277.136962890625 1280.3599853515625 1283.7650146484375 1288.5899658203125 1291.925048828125 1295.6600341796875 1299.4730224609375 1303.969970703125 1307.885009765625 1311.8399658203125 1315.593017578125 1319.280029296875 1323.0849609375 1326.8050537109375
1130.2779541015625 1135.0069580078125 1140.9100341796875 1146.2869873046875 1152.02197265625 1157.0450439453125 1162.0830078125 1167.031982421875 1172.9219970703125 1178.9649658203125 1185.218017578125 1191.2049560546875 1196.905029296875 1202.3280029296875 1207.302001953125 1211.5980224609375 1216.3699951171875 1221.0699462890625 1225.8900146484375 1230.594970703125 1234.991943359375 1239.5450439453125 1244.89501953125 1250.47998046875 1255.3699951171875 1260.302001953125 1264.8580322265625 1270.14697265625 1271.0250244140625 1275.616943359375 1279.248046875 1282.633056640625 1286.27197265625 1289.4849853515625 1293.47998046875 1297.2750244140625 1301.197998046875 1306.094970703125 1310.3470458984375 1314.114990234375 1318.531982421875 1322.1650390625 1326.116943359375 1329.8070068359375
1129.751953125 1135.9119873046875 1141.0699462890625 1147.1719970703125 1153.4119873046875 1158.9530029296875 1164.2869873046875 1168.9849853515625 1173.97802734375 1179.4320068359375 1185.5369873046875 1191.0450439453125 1197.008056640625 1202.385009765625 1207.9200439453125 1212.7449951171875 1216.89501953125 1222.18994140625 1227.0999755859375 1231.9300537109375 1236.552001953125 1241.0450439453125 1246.47802734375 1251.593017578125 1256.949951171875 1261.5699462890625 1266.9300537109375 1269.824951171875 1273.3800048828125 1277.616943359375 1280.385009765625 1284.0849609375 1287.97998046875 1290.636962890625 1295.2230224609375 1299.4930419921875 1303.5350341796875 1308.363037109375 1312.3280029296875 1316.406982421875 1320.7149658203125 1324.843017578125 1328.93505859375 1332.9019775390625
1127.052001953125 1130.9599609375 1138.133056640625 1146.5150146484375 1152.89501953125 1158.9300537109375 1164.613037109375 1169.008056640625 1173.5369873046875 1179.239990234375 1183.9649658203125 1189.781982421875 1195.3050537109375 1200.5699462890625 1206.386962890625 1212.3070068359375 1217.383056640625 1223.02197265625 1228.197998046875 1232.635009765625 1237.3580322265625 1242.5179443359375 1248.366943359375 1253.508056640625 1258.47998046875 1262.612060546875 1268.7099609375 1271.47802734375 1275.81005859375 1279.822998046875 1283.375 1286.008056640625 1289.3070068359375 1293.0780029296875 1297.3199462890625 1301.863037109375 1306.1669921875 1310.989990234375 1314.5780029296875 1318.3570556640625 1323.1500244140625 1327.031982421875 1331.2120361328125 1335.52197265625
1133.822998046875 1138.7650146484375 1142.094970703125 1142.760009765625 1148.469970703125 1154.6929931640625 1160.7679443359375 1166.406982421875 1171.781982421875 1176.406982421875 1181.6300048828125 1186.56494140625 1193.050048828125 1197.9630126953125 1203.68505859375 1210.125 1217.8599853515625 1223.0780029296875 1228.947998046875 1233.0849609375 1237.633056640625 1242.8499755859375 1248.136962890625 1254.001953125 1259.251953125 1264.0679931640625 1268.6400146484375 1272.988037109375 1276.989990234375 1280.5279541015625 1284.2320556640625 1287.623046875 1292.2130126953125 1295.2850341796875 1299.469970703125 1304.39501953125 1308.68798828125 1313.0069580078125 1317.4620361328125 1321.5780029296875 1325.094970703125 1329.501953125 1333.636962890625 1337.5799560546875
