geodata/original_dem.asc
ncols        471
nrows        400
xllcorner    477409.500000000000
yllcorner    185590.500000000000
cellsize     10.000000000000
NODATA_value  -9999
[rows 200 to 219 of 400, columns 264 to 307 of 471]
1375.4749755859375 1379.925048828125 1384.6600341796875 1388.8179931640625 1390.238037109375 1390.8070068359375 1391.85498046875 1397.251953125 1403.3599853515625 1406.9549560546875 1408.5849609375 1410.824951171875 1414.9580078125 1419.3199462890625 1422.886962890625 1426.780029296875 1432.406982421875 1437.2149658203125 1442.136962890625 1447.31494140625 1450.6080322265625 1451.758056640625 1452.77197265625 1454.1300048828125 1455.530029296875 1456.468017578125 1458.241943359375 1460.4630126953125 1463.68994140625 1466.9730224609375 1467.2969970703125 1471.5570068359375 1473.6199951171875 1475.18505859375 1475.1669921875 1474.75 1474.072998046875 1473.468017578125 1472.3070068359375 1469.8280029296875 1467.7950439453125 1466.14501953125 1466.2349853515625 1471.0150146484375
1380.6519775390625 1385.7969970703125 1389.2950439453125 1394.116943359375 1396.616943359375 1397.4649658203125 1398.114990234375 1400.3680419921875 1405.6199951171875 1411.8919677734375 1415.14501953125 1415.68994140625 1419.616943359375 1423.9749755859375 1427.9730224609375 1431.68505859375 1435.5899658203125 1439.488037109375 1443.988037109375 1448.9429931640625 1454.18798828125 1457.9849853515625 1459.9599609375 1461.4599609375 1463.0780029296875 1463.405029296875 1464.43798828125 1466.885009765625 1467.739990234375 1471.2650146484375 1473.7349853515625 1476.4000244140625 1479.3699951171875 1480.741943359375 1481.030029296875 1480.7220458984375 1480.8280029296875 1479.822998046875 1478.280029296875 1476.405029296875 1474.824951171875 1474.39501953125 1474.5679931640625 1474.64501953125
1387.8480224609375 1391.501953125 1394.4019775390625 1397.8599853515625 1401.574951171875 1403.843017578125 1405.64697265625 1406.510009765625 1408.7769775390625 1413.5999755859375 1419.5400390625 1421.844970703125 1424.06298828125 1428.4150390625 1432.030029296875 1435.2130126953125 1438.8199462890625 1442.5419921875 1446.2769775390625 1450.718017578125 1455.1669921875 1460.02197265625 1465.4100341796875 1468.405029296875 1469.56298828125 1469.116943359375 1469.1400146484375 1470.4200439453125 1474.3179931640625 1477.18994140625 1479.281982421875 1481.8480224609375 1484.5870361328125 1486.5469970703125 1486.56298828125 1486.93798828125 1487.43798828125 1486.739990234375 1484.5 1482.8299560546875 1481.748046875 1480.875 1482.02001953125 1483.2750244140625
1393.8299560546875 1396.550048828125 1399.35302734375 1402.738037109375 1405.5050048828125 1408.927001953125 1411.7950439453125 1413.72802734375 1414.883056640625 1417.4549560546875 1421.177001953125 1426.85498046875 1428.9599609375 1431.2049560546875 1436.22998046875 1438.7320556640625 1442.5450439453125 1445.7049560546875 1449.47802734375 1453.75 1457.7669677734375 1462.5169677734375 1468.375 1469.68505859375 1472.9219970703125 1475.4129638671875 1475.2030029296875 1477.113037109375 1480.1099853515625 1483.781982421875 1485.2130126953125 1487.4449462890625 1490.0570068359375 1491.761962890625 1492.5250244140625 1493.31005859375 1493.7080078125 1493.8330078125 1491.7900390625 1489.7030029296875 1488.261962890625 1487.991943359375 1488.550048828125 1489.906982421875
1399.3480224609375 1401.10302734375 1403.822998046875 1407.125 1410.613037109375 1413.68505859375 1416.68994140625 1419.3330078125 1421.125 1422.781982421875 1425.43798828125 1428.508056640625 1433.4320068359375 1437.376953125 1440.8399658203125 1443.1650390625 1446.1400146484375 1449.1929931640625 1452.6419677734375 1456.5069580078125 1460.5970458984375 1464.258056640625 1469.85498046875 1470.8919677734375 1477.655029296875 1480.011962890625 1480.6070556640625 1483.322998046875 1486.2349853515625 1489.5150146484375 1491.4320068359375 1493.738037109375 1495.7099609375 1497.758056640625 1498.7919921875 1499.0050048828125 1499.883056640625 1499.3380126953125 1497.4300537109375 1496.1929931640625 1495.258056640625 1494.9580078125 1494.876953125 1495.822998046875
1403.8900146484375 1405.9100341796875 1408.093017578125 1411.52197265625 1414.7030029296875 1417.9749755859375 1421.449951171875 1424.2320556640625 1427.1719970703125 1428.8299560546875 1430.7099609375 1433.2230224609375 1435.8380126953125 1440.530029296875 1444.219970703125 1447.2249755859375 1450.3380126953125 1452.998046875 1456.5570068359375 1459.89501953125 1463.427001953125 1468.7900390625 1470.219970703125 1475.35498046875 1480.1600341796875 1483.4300537109375 1485.22998046875 1488.4830322265625 1491.0849609375 1494.8900146484375 1497.47802734375 1499.780029296875 1501.7750244140625 1503.239990234375 1504.5880126953125 1505.3070068359375 1506.050048828125 1505.2030029296875 1503.5899658203125 1502.85498046875 1501.9530029296875 1501.241943359375 1501.031982421875 1501.5999755859375
1406.739990234375 1410.302001953125 1412.6719970703125 1415.761962890625 1418.7349853515625 1422.0899658203125 1425.7679443359375 1428.822998046875 1431.614990234375 1434.425048828125 1435.9429931640625 1438.0350341796875 1440.616943359375 1443.2149658203125 1447.4019775390625 1450.8179931640625 1453.8050537109375 1457.2869873046875 1460.47998046875 1463.7130126953125 1467.1700439453125 1470.739990234375 1474.9649658203125 1479.2969970703125 1483.81005859375 1487.3330078125 1490.06005859375 1493.3919677734375 1496.93798828125 1500.0250244140625 1502.0899658203125 1505.14501953125 1507.60498046875 1509.0050048828125 1510.4169921875 1511.156982421875 1511.883056640625 1512.0350341796875 1510.7679443359375 1508.927001953125 1508.4580078125 1508.0179443359375 1508.0799560546875 1508.8580322265625
1410.6700439453125 1413.7449951171875 1417.22802734375 1419.748046875 1422.8570556640625 1426.56494140625 1429.873046875 1432.93505859375 1436.322998046875 1439.1400146484375 1441.238037109375 1443.7950439453125 1445.5469970703125 1448.39697265625 1450.6519775390625 1454.31298828125 1457.991943359375 1461.739990234375 1464.8800048828125 1468.0899658203125 1471.2349853515625 1473.5999755859375 1478.760009765625 1484.030029296875 1487.927001953125 1491.31298828125 1494.9749755859375 1499.1429443359375 1502.468017578125 1505.5150146484375 1507.488037109375 1510.2969970703125 1512.4730224609375 1514.4530029296875 1515.9720458984375 1517.4949951171875 1518.56005859375 1518.7249755859375 1517.43505859375 1515.9849853515625 1515.39697265625 1514.7900390625 1514.9849853515625 1515.4449462890625
1414.719970703125 1417.3900146484375 1421.1419677734375 1423.800048828125 1426.5469970703125 1430.3330078125 1433.375 1436.5169677734375 1439.5830078125 1442.7220458984375 1445.613037109375 1448.248046875 1450.5150146484375 1453.623046875 1456.1669921875 1457.739990234375 1462.0849609375 1465.623046875 1470.0699462890625 1472.14501953125 1475.238037109375 1478.864990234375 1483.3280029296875 1488.0980224609375 1492.594970703125 1496.7550048828125 1500.302001953125 1504.373046875 1507.7850341796875 1511.0369873046875 1513.3929443359375 1515.614990234375 1517.97998046875 1520.322998046875 1522.6619873046875 1523.97998046875 1525.0400390625 1525.5450439453125 1524.9150390625 1523.1700439453125 1522.0179443359375 1521.364990234375 1522.4219970703125 1522.9320068359375
1419.050048828125 1422 1425.0350341796875 1428.18994140625 1430.9599609375 1434.1669921875 1436.9830322265625 1440.22998046875 1443.56298828125 1446.4150390625 1449.5799560546875 1452.56298828125 1455.281982421875 1458.02197265625 1461.5830078125 1463.405029296875 1466.905029296875 1472.074951171875 1473.4300537109375 1477.52197265625 1480.5350341796875 1483.761962890625 1488.4100341796875 1492.8349609375 1497.552001953125 1501.6099853515625 1505.3330078125 1509.2950439453125 1513.1719970703125 1516.4150390625 1518.5469970703125 1520.6199951171875 1522.636962890625 1526.0369873046875 1528.989990234375 1530.260009765625 1531.4930419921875 1532.5780029296875 1531.9949951171875 1530.136962890625 1529.1600341796875 1528.47802734375 1529.2099609375 1529.824951171875
1423.2750244140625 1425.9150390625 1428.60498046875 1431.9830322265625 1435.383056640625 1438.251953125 1441.18798828125 1444.1949462890625 1447.498046875 1450.5469970703125 1453.7080078125 1456.636962890625 1460.2080078125 1462.906982421875 1466.4930419921875 1469.4580078125 1473.0350341796875 1474.5849609375 1478.883056640625 1482.5849609375 1485.8599853515625 1489.7919921875 1493.18994140625 1497.8929443359375 1502.1669921875 1506.7080078125 1510.385009765625 1514.675048828125 1517.9119873046875 1521.3299560546875 1523.2049560546875 1525.883056640625 1528.75 1532.2550048828125 1534.989990234375 1536.4949951171875 1537.864990234375 1538.375 1538.699951171875 1537.5570068359375 1536.3699951171875 1536.011962890625 1535.7950439453125 1536.251953125
1426.9630126953125 1429.741943359375 1431.822998046875 1434.906982421875 1439.1099853515625 1442.363037109375 1445.758056640625 1448.9730224609375 1451.8280029296875 1454.656982421875 1457.9749755859375 1461.0469970703125 1464.8050537109375 1468.1199951171875 1470.844970703125 1475.626953125 1476.68505859375 1478.7030029296875 1483.116943359375 1486.89697265625 1491.093017578125 1495.10498046875 1499.8280029296875 1503.4300537109375 1507.530029296875 1511.844970703125 1515.6619873046875 1519.9150390625 1524.008056640625 1526.6519775390625 1529.1800537109375 1531.9649658203125 1535.0150146484375 1538.376953125 1541.31298828125 1543.1929931640625 1544.3800048828125 1545.261962890625 1545.5350341796875 1544.751953125 1544.135009765625 1542.925048828125 1543.0570068359375 1542.9320068359375
1430.56298828125 1433.81005859375 1435.97802734375 1438.991943359375 1442.85498046875 1446.5250244140625 1450.2969970703125 1453.4429931640625 1456.2049560546875 1459.1600341796875 1462.06494140625 1465.5799560546875 1469.1669921875 1472.8800048828125 1476.7130126953125 1478.300048828125 1482.625 1485.06298828125 1487.77197265625 1491.68798828125 1496.0269775390625 1500.447998046875 1505.3070068359375 1509.261962890625 1513.498046875 1517.2230224609375 1521.25 1525.2650146484375 1528.6820068359375 1532.4150390625 1535.56005859375 1538.613037109375 1541.8499755859375 1544.9200439453125 1547.1719970703125 1549.3900146484375 1550.8399658203125 1551.89501953125 1552.175048828125 1552.0469970703125 1551.0169677734375 1549.9749755859375 1550.239990234375 1550.113037109375
1434.77197265625 1437.3199462890625 1440.2650146484375 1443.4720458984375 1446.7320556640625 1451.1400146484375 1454.7449951171875 1457.81298828125 1461.1199951171875 1463.6949462890625 1467.2669677734375 1470.802001953125 1474.7769775390625 1477.5050048828125 1480.468017578125 1483.6080322265625 1487.31494140625 1490.0699462890625 1493.1619873046875 1496.8819580078125 1500.468017578125 1506.699951171875 1512.0849609375 1515.072998046875 1518.6300048828125 1523.3179931640625 1527.363037109375 1531.218017578125 1534.468017578125 1537.9830322265625 1541.27197265625 1544.366943359375 1548.31298828125 1551.1419677734375 1553.675048828125 1555.6619873046875 1557.469970703125 1558.2330322265625 1558.574951171875 1558.6419677734375 1557.9730224609375 1557.218017578125 1557.0419921875 1557.35302734375
1438.1300048828125 1441.155029296875 1444.22802734375 1448.001953125 1451.530029296875 1455.449951171875 1459.10498046875 1462.052001953125 1465.125 1468.5050048828125 1472.2950439453125 1477.0250244140625 1478.5269775390625 1483.135009765625 1485.43994140625 1488.2869873046875 1492.06005859375 1494.8470458984375 1498.0799560546875 1502.8330078125 1507.343017578125 1513.3499755859375 1518.386962890625 1522.2900390625 1525.5830078125 1529.06005859375 1533.4100341796875 1537.5469970703125 1540.844970703125 1544.237060546875 1548.1500244140625 1551.5469970703125 1554.81005859375 1558.011962890625 1560.7099609375 1563.0279541015625 1564.949951171875 1565.2679443359375 1565.126953125 1565.6650390625 1564.738037109375 1563.9320068359375 1564.3699951171875 1564.6199951171875
1441.8179931640625 1445.0400390625 1448.4150390625 1452.18798828125 1456.18505859375 1460.761962890625 1464.35302734375 1467.508056640625 1470.385009765625 1473.60302734375 1478.7030029296875 1479.77001953125 1484.4150390625 1487.947998046875 1491.366943359375 1493.802001953125 1496.7099609375 1500.3699951171875 1503.5849609375 1509.4219970703125 1514.3199462890625 1519.1429443359375 1524.113037109375 1529.27001953125 1533.4000244140625 1537.6080322265625 1540.1669921875 1544.0550537109375 1547.0250244140625 1551.001953125 1554.7919921875 1558.1650390625 1561.616943359375 1564.998046875 1568.425048828125 1571.3050537109375 1571.97802734375 1572.9649658203125 1573.3900146484375 1572.988037109375 1572.593017578125 1571.27001953125 1571.072998046875 1571.968017578125
1444.7950439453125 1448.7750244140625 1452.8070068359375 1456.81298828125 1460.9320068359375 1465.844970703125 1469.39501953125 1472.875 1476.281982421875 1479.738037109375 1481.85498046875 1485.633056640625 1489.1400146484375 1492.9169921875 1497.030029296875 1499.9119873046875 1502.3699951171875 1505.5150146484375 1508.8919677734375 1514.375 1519.2430419921875 1524.136962890625 1528.14501953125 1533.27001953125 1537.9949951171875 1542.625 1547.5679931640625 1551.2049560546875 1553.93994140625 1556.991943359375 1561.030029296875 1565.3580322265625 1569.324951171875 1573.06005859375 1575.8599853515625 1578.6199951171875 1580.75 1580.9300537109375 1581.800048828125 1581.18505859375 1580.241943359375 1578.77001953125 1578.89501953125 1578.97998046875
1448.5980224609375 1453.1820068359375 1457.2449951171875 1461.3280029296875 1465.97802734375 1470.8399658203125 1474.616943359375 1478.594970703125 1480.6650390625 1483.7979736328125 1487.2130126953125 1490.85498046875 1493.9730224609375 1498.1820068359375 1502.050048828125 1505.3280029296875 1508.8380126953125 1511.425048828125 1514.6929931640625 1519.1099853515625 1524.4019775390625 1528.9150390625 1532.552001953125 1536.531982421875 1541.10302734375 1546.251953125 1552.10302734375 1557.3919677734375 1560.7919921875 1564.2130126953125 1567.35498046875 1571.3330078125 1576.2900390625 1580.7900390625 1583.5980224609375 1587.1700439453125 1588.5369873046875 1589.633056640625 1589.0250244140625 1588.4100341796875 1587.3480224609375 1587.6429443359375 1586.8280029296875 1586.9429931640625
1453.177001953125 1457.8199462890625 1462.56005859375 1466.741943359375 1470.7330322265625 1475.614990234375 1481.0169677734375 1481.9100341796875 1486.2130126953125 1489.386962890625 1492.7320556640625 1496.1820068359375 1499.72998046875 1503.68505859375 1507.43505859375 1510.9150390625 1514.530029296875 1517.60302734375 1519.93994140625 1524.5999755859375 1529.4749755859375 1533.9720458984375 1537.9169921875 1540.5699462890625 1544.06298828125 1548.72802734375 1555.1280517578125 1560.9320068359375 1566.2750244140625 1569.85302734375 1572.89501953125 1577.738037109375 1582.052001953125 1587.008056640625 1591.5250244140625 1594.241943359375 1596.425048828125 1597.31494140625 1597.156982421875 1596.06298828125 1596.197998046875 1594.866943359375 1594.843017578125 1594.883056640625
1456.927001953125 1462.386962890625 1467.0250244140625 1471.718017578125 1475.635009765625 1481.2330322265625 1483.761962890625 1488.47998046875 1491.3499755859375 1494.7449951171875 1498.0830078125 1501.2550048828125 1504.927001953125 1508.968017578125 1513.001953125 1516.39697265625 1520.06298828125 1523.43798828125 1526.39501953125 1529.7750244140625 1534.68994140625 1538.7669677734375 1541.2850341796875 1544.5699462890625 1547.1949462890625 1552.1400146484375 1557.718017578125 1564.6080322265625 1570.0699462890625 1573.697998046875 1577.02197265625 1583.10498046875 1587.719970703125 1592.7679443359375 1597.0699462890625 1601.218017578125 1603.344970703125 1604.447998046875 1605.0830078125 1604.9200439453125 1604.113037109375 1604.2349853515625 1602.969970703125 1602.800048828125
