geodata/original_dem.asc
ncols        471
nrows        400
xllcorner    477409.500000000000
yllcorner    185590.500000000000
cellsize     10.000000000000
NODATA_value  -9999
[rows 280 to 299 of 400, columns 176 to 219 of 471]
1136.7099609375 1142.3070068359375 1147.14697265625 1151.5450439453125 1154.0980224609375 1157.8900146484375 1159.5999755859375 1162.3280029296875 1169.4429931640625 1173.824951171875 1178.60498046875 1184.4649658203125 1190.7969970703125 1195.8919677734375 1201.8299560546875 1209.39697265625 1216.1700439453125 1222.72802734375 1228.385009765625 1232.10498046875 1236.5419921875 1241.3900146484375 1247.2569580078125 1254.2869873046875 1259.905029296875 1264.9029541015625 1268.5880126953125 1274.248046875 1279.0570068359375 1282.2030029296875 1285.3570556640625 1289.75 1293.1929931640625 1296.760009765625 1300.8900146484375 1305.7950439453125 1310.498046875 1314.5849609375 1319.06298828125 1323.741943359375 1327.5849609375 1332.241943359375 1335.7430419921875 1339.7779541015625
1139.8599853515625 1144.5419921875 1149.093017578125 1154.011962890625 1158.9150390625 1163.050048828125 1167.116943359375 1165.375 1172.675048828125 1178.699951171875 1182.9219970703125 1187.6070556640625 1192.7320556640625 1198.261962890625 1202.925048828125 1209.9730224609375 1216.656982421875 1222.1300048828125 1226.866943359375 1233.123046875 1239.1650390625 1244.376953125 1249.4000244140625 1255.7650146484375 1261.199951171875 1267.10498046875 1270.843017578125 1275.60498046875 1279.258056640625 1282.001953125 1287.175048828125 1290.89501953125 1295.633056640625 1299.822998046875 1302.136962890625 1306.031982421875 1310.3380126953125 1314.9119873046875 1320.718017578125 1325.14697265625 1329.77197265625 1333.6719970703125 1337.7249755859375 1341.843017578125
1141.489990234375 1146.8280029296875 1151.843017578125 1156.8330078125 1161.2650146484375 1165.863037109375 1169.876953125 1172.9830322265625 1172.469970703125 1179.906982421875 1186.133056640625 1190.6529541015625 1194.9530029296875 1199.2080078125 1204.699951171875 1210.552001953125 1216.876953125 1222.68505859375 1227.4949951171875 1233.9549560546875 1239.7969970703125 1245.2650146484375 1251.14501953125 1256.866943359375 1262.280029296875 1266.5880126953125 1272.10498046875 1275.427001953125 1278.6600341796875 1284.633056640625 1289.324951171875 1293.322998046875 1297.3070068359375 1301.22802734375 1304.7149658203125 1308.7049560546875 1311.89697265625 1316.02197265625 1321.8199462890625 1326.1949462890625 1331.449951171875 1335.2049560546875 1339.81005859375 1343.574951171875
1141.7850341796875 1147.758056640625 1153.1199951171875 1158.3299560546875 1163.281982421875 1168.6700439453125 1173.425048828125 1177.2869873046875 1178.81298828125 1178.7919921875 1184.25 1190.625 1194.780029296875 1199.93505859375 1205.5 1211.123046875 1215.9429931640625 1221.10498046875 1227.511962890625 1234.0570068359375 1240.4620361328125 1245.81298828125 1251.6820068359375 1257.77001953125 1264.47998046875 1267.93505859375 1272.0469970703125 1275.7550048828125 1281.3480224609375 1285.988037109375 1290.3299560546875 1294.6600341796875 1298.1099853515625 1302.800048828125 1306.2330322265625 1311.14501953125 1314.468017578125 1319.197998046875 1323.8580322265625 1328.322998046875 1332.927001953125 1336.7900390625 1340.748046875 1344.927001953125
1142.0799560546875 1148.0699462890625 1153.780029296875 1159.2769775390625 1164.593017578125 1170.4100341796875 1175.822998046875 1180.4649658203125 1183.9320068359375 1186.6600341796875 1188.14501953125 1191.2919921875 1196 1201.7900390625 1206.4749755859375 1210.2449951171875 1215.0250244140625 1219.800048828125 1225.863037109375 1233.3499755859375 1240.0849609375 1245.802001953125 1251.7779541015625 1257.4580078125 1264.656982421875 1267.5980224609375 1272.0870361328125 1277.822998046875 1282.0069580078125 1286.8280029296875 1291.2919921875 1295.68798828125 1299.9730224609375 1303.7900390625 1307.738037109375 1312.030029296875 1316.3299560546875 1320.8199462890625 1325.8280029296875 1329.489990234375 1333.93798828125 1337.8330078125 1341.7080078125 1345.469970703125
1142.81298828125 1148.468017578125 1154.4549560546875 1159.8299560546875 1165.4730224609375 1171.8380126953125 1176.7569580078125 1182.126953125 1187.06298828125 1190.6199951171875 1194.260009765625 1197.126953125 1199.52197265625 1203.5849609375 1209.155029296875 1213.7769775390625 1219.2679443359375 1225.06298828125 1230.0050048828125 1233.2919921875 1238.8599853515625 1245.9730224609375 1251.81494140625 1256.6820068359375 1263.780029296875 1267.5999755859375 1273.9169921875 1278.498046875 1282.77197265625 1286.873046875 1292.27001953125 1296.7230224609375 1300.9320068359375 1305.0550537109375 1308.8199462890625 1313.31494140625 1317.47998046875 1321.969970703125 1326.824951171875 1331.2149658203125 1335.5400390625 1339.3470458984375 1344.0050048828125 1348.011962890625
1145.2969970703125 1149.4119873046875 1154.1070556640625 1159.800048828125 1165.883056640625 1172.0999755859375 1177.6199951171875 1182.8900146484375 1187.5899658203125 1192.9530029296875 1197.5999755859375 1201.405029296875 1204.094970703125 1206.739990234375 1211.1820068359375 1216.22802734375 1221.949951171875 1227.3380126953125 1233.844970703125 1239.072998046875 1241.761962890625 1245.5830078125 1251.6650390625 1257.6070556640625 1262.8919677734375 1268 1274.072998046875 1279.866943359375 1284.1949462890625 1287.905029296875 1292.3599853515625 1296.9949951171875 1301.7750244140625 1305.9449462890625 1309.510009765625 1314.2030029296875 1318.2349853515625 1322.9580078125 1327.2850341796875 1331.77001953125 1336.81494140625 1340.81494140625 1345.2030029296875 1349.4949951171875
1147.866943359375 1151.780029296875 1155.998046875 1161.72998046875 1166.2769775390625 1172.0369873046875 1177.510009765625 1182.883056640625 1187.9649658203125 1193.7149658203125 1198.949951171875 1203.43994140625 1207.469970703125 1210.3330078125 1213.5269775390625 1217.8399658203125 1224.363037109375 1230.5679931640625 1235.6319580078125 1241.4169921875 1245.68505859375 1249.5999755859375 1253.780029296875 1259.81298828125 1262.998046875 1269.10302734375 1274.7550048828125 1280.3349609375 1284.623046875 1288.93505859375 1292.9169921875 1297.4630126953125 1302.1800537109375 1307.0050048828125 1310.7969970703125 1314.989990234375 1319.2349853515625 1323.9720458984375 1328.199951171875 1332.9820556640625 1337.5400390625 1342.35498046875 1346.7080078125 1351.7330322265625
1149.7080078125 1154.7650146484375 1159.22802734375 1163.699951171875 1168.8349609375 1173.9749755859375 1178.5699462890625 1183.510009765625 1188.761962890625 1194.8050537109375 1200.4429931640625 1204.8800048828125 1209.5830078125 1213.2850341796875 1215.9520263671875 1218.56005859375 1225.376953125 1232.0450439453125 1238.2249755859375 1243.02197265625 1247.7650146484375 1251.97802734375 1257.10498046875 1261.030029296875 1265.25 1269.6400146484375 1274.614990234375 1279.7669677734375 1285.1199951171875 1289.8349609375 1294.489990234375 1297.89697265625 1302.3349609375 1306.75 1311.6700439453125 1315.9200439453125 1320.1949462890625 1324.4849853515625 1329.47802734375 1333.97998046875 1338.3599853515625 1343.2919921875 1348.2669677734375 1353.5469970703125
1150.9720458984375 1156.1949462890625 1161.3570556640625 1166.258056640625 1170.844970703125 1175.5450439453125 1180.7919921875 1186.386962890625 1191.1800537109375 1197.0699462890625 1202.116943359375 1206.5350341796875 1210.866943359375 1214.751953125 1219.2650146484375 1221.751953125 1226.5880126953125 1232.10302734375 1238.052001953125 1242.9580078125 1248.8199462890625 1253.14697265625 1258.8299560546875 1260.7149658203125 1266.363037109375 1270.375 1274.9949951171875 1280.02001953125 1285.4150390625 1290.43798828125 1294.02197265625 1298.8199462890625 1303.4849853515625 1307.2220458984375 1311.324951171875 1316.7650146484375 1320.6619873046875 1325.2750244140625 1330.64697265625 1334.9119873046875 1339.56298828125 1344.0400390625 1349.406982421875 1355.385009765625
1152.468017578125 1157.4649658203125 1162.2650146484375 1167.2750244140625 1172.4300537109375 1177.3900146484375 1182.363037109375 1187.18798828125 1192.4100341796875 1197.844970703125 1203.052001953125 1207.363037109375 1211.344970703125 1215.925048828125 1219.5350341796875 1223.7869873046875 1227.56298828125 1232.3699951171875 1236.77197265625 1242.4100341796875 1249.008056640625 1254.780029296875 1259.4429931640625 1263.2030029296875 1267.5469970703125 1272.238037109375 1277.1820068359375 1281.8050537109375 1286.4150390625 1290.85498046875 1295.3800048828125 1300.1519775390625 1304.39501953125 1308.3330078125 1311.72802734375 1315.0999755859375 1320.625 1325.77197265625 1330.5679931640625 1334.906982421875 1340.4320068359375 1344.7769775390625 1349.9949951171875 1356.010009765625
1154.5570068359375 1159.5169677734375 1164.5269775390625 1169.3050537109375 1173.9649658203125 1179 1183.2469482421875 1188.6600341796875 1193.375 1198.3050537109375 1202.261962890625 1207.9219970703125 1211.9630126953125 1216.7049560546875 1221.1199951171875 1225.4200439453125 1230.219970703125 1234.386962890625 1237.969970703125 1241.9530029296875 1247.9649658203125 1254.094970703125 1258.43505859375 1264.655029296875 1269.927001953125 1274.14501953125 1278.4630126953125 1282.2950439453125 1286.97802734375 1291.9549560546875 1295.9730224609375 1299.468017578125 1304.3599853515625 1308.8380126953125 1312.5350341796875 1316.6429443359375 1321.135009765625 1325.72802734375 1330.4580078125 1336.60302734375 1342.3399658203125 1346.7650146484375 1350.5069580078125 1356.4200439453125
1156.498046875 1161.0179443359375 1165.802001953125 1170.616943359375 1175.7919921875 1180.363037109375 1185.324951171875 1190.22802734375 1194.758056640625 1199.5250244140625 1204.324951171875 1209.0830078125 1213.6820068359375 1218.530029296875 1223.4100341796875 1228.6070556640625 1233.489990234375 1237.3199462890625 1240.2900390625 1242.6099853515625 1247.4599609375 1254.0550537109375 1257.5469970703125 1264.633056640625 1270.623046875 1275.886962890625 1280.10302734375 1284.552001953125 1288.4429931640625 1292.4749755859375 1296.5799560546875 1300.925048828125 1305.06298828125 1309.572998046875 1314.4019775390625 1318.2469482421875 1323.447998046875 1328.0780029296875 1331.7449951171875 1337.5999755859375 1343.427001953125 1348.3900146484375 1351.9630126953125 1356.675048828125
1157.5830078125 1163.126953125 1167.8179931640625 1172.383056640625 1176.8280029296875 1181.4000244140625 1186.4530029296875 1191.0419921875 1196.39697265625 1200.8699951171875 1205.7669677734375 1209.7900390625 1214.8699951171875 1219.5849609375 1224.7869873046875 1230.0350341796875 1234.9580078125 1239.5369873046875 1243.491943359375 1247.4219970703125 1252.3330078125 1256.7850341796875 1260.2950439453125 1263.9549560546875 1269.60302734375 1275.623046875 1280.373046875 1285.449951171875 1289.3349609375 1293.9219970703125 1297.822998046875 1302.800048828125 1306.751953125 1311.68505859375 1315.81005859375 1320.4029541015625 1325.123046875 1330.52197265625 1334.3299560546875 1339.136962890625 1344.3349609375 1349.18994140625 1353.552001953125 1356.7349853515625
1157.5880126953125 1163.2850341796875 1168.697998046875 1173.613037109375 1178.2130126953125 1182.56005859375 1187.197998046875 1191.9849853515625 1197.0550537109375 1201.5970458984375 1205.9830322265625 1210.9129638671875 1215.6700439453125 1220.6650390625 1226.0350341796875 1230.97802734375 1235.7850341796875 1240.4749755859375 1244.8179931640625 1249.4320068359375 1254.636962890625 1256.530029296875 1262.8570556640625 1266.6669921875 1269.126953125 1274.4549560546875 1281.6820068359375 1286.6080322265625 1290.988037109375 1295.510009765625 1298.9849853515625 1304.530029296875 1308.5179443359375 1312.8330078125 1316.925048828125 1321.9720458984375 1326.8349609375 1331.093017578125 1335.8380126953125 1340.56494140625 1345.31005859375 1350.251953125 1354.864990234375 1358.281982421875
1155.7049560546875 1161.31494140625 1166.739990234375 1171.155029296875 1176.3599853515625 1181.0269775390625 1185.9599609375 1190.6669921875 1195.885009765625 1201.6719970703125 1206.10498046875 1211.593017578125 1216.81494140625 1222.197998046875 1227.9429931640625 1231.81298828125 1237.3179931640625 1242.218017578125 1246.824951171875 1251.7320556640625 1255.2080078125 1259.7750244140625 1264.47802734375 1269.468017578125 1273.885009765625 1278.531982421875 1283.6600341796875 1288.3399658203125 1292.6800537109375 1297.1400146484375 1300.998046875 1305.4300537109375 1309.5550537109375 1313.8179931640625 1318.344970703125 1323.1519775390625 1327.9000244140625 1332.5450439453125 1336.614990234375 1341.7130126953125 1346.626953125 1350.97802734375 1356.02197265625 1359.866943359375
1153.885009765625 1159.873046875 1166.011962890625 1171.10498046875 1176.738037109375 1181.875 1187.030029296875 1192.322998046875 1196.010009765625 1200.8919677734375 1205.8900146484375 1211.5269775390625 1217.427001953125 1223.0400390625 1228.4429931640625 1233.261962890625 1238.5469970703125 1243.56298828125 1248.613037109375 1252.93505859375 1256.0699462890625 1262.1719970703125 1266.2569580078125 1270.9200439453125 1275.64697265625 1280.251953125 1284.9580078125 1289.802001953125 1293.93798828125 1298.5150146484375 1302.7449951171875 1307.0400390625 1310.6800537109375 1314.0899658203125 1319.3349609375 1323.9320068359375 1328.8199462890625 1333.3699951171875 1338.2080078125 1342.85302734375 1347.4119873046875 1352.406982421875 1357.0570068359375 1360.5830078125
1156.27197265625 1162.469970703125 1169.35302734375 1175.89697265625 1180.5780029296875 1184.501953125 1189.2230224609375 1193.6700439453125 1198.5479736328125 1202.6669921875 1206.3349609375 1211.322998046875 1216.9599609375 1223.449951171875 1229.3330078125 1234.343017578125 1239.3680419921875 1244.4949951171875 1250.385009765625 1253.927001953125 1259.008056640625 1263.633056640625 1268.010009765625 1272.5899658203125 1277.2900390625 1281.636962890625 1286.385009765625 1291.199951171875 1295.72998046875 1299.81298828125 1304.10498046875 1308.8599853515625 1312.8580322265625 1316.4200439453125 1321.050048828125 1325.0419921875 1329.9749755859375 1334.927001953125 1339.6500244140625 1344.3070068359375 1348.425048828125 1353.3349609375 1357.2650146484375 1360.97802734375
1157.6519775390625 1162.991943359375 1169.7679443359375 1176.780029296875 1182.677001953125 1187.863037109375 1191.43798828125 1196.302001953125 1201.093017578125 1204.9200439453125 1207.85302734375 1211.001953125 1216.7950439453125 1221.7969970703125 1229.4449462890625 1235.3570556640625 1240.14697265625 1245.6650390625 1250.3380126953125 1253.905029296875 1259.9820556640625 1265.3499755859375 1269.758056640625 1274.699951171875 1279.199951171875 1283.89501953125 1288.2349853515625 1292.864990234375 1297.511962890625 1301.616943359375 1305.27001953125 1309.52197265625 1314.3570556640625 1318.239990234375 1322.6400146484375 1326.4320068359375 1331.094970703125 1336.469970703125 1340.8499755859375 1345.4749755859375 1349.47998046875 1353.68798828125 1357.4119873046875 1361.5780029296875
1160.1099853515625 1163.8299560546875 1169.824951171875 1176.0799560546875 1182.1500244140625 1188.4449462890625 1192.9530029296875 1197.3380126953125 1202.8399658203125 1207.5350341796875 1211.344970703125 1214.866943359375 1218 1223.8179931640625 1228.719970703125 1236.7080078125 1241.10302734375 1246.050048828125 1252.4150390625 1255.9219970703125 1261.238037109375 1266.114990234375 1271.0980224609375 1276.2149658203125 1281.251953125 1285.751953125 1289.7449951171875 1294.3680419921875 1299.344970703125 1303.113037109375 1307.010009765625 1311.1519775390625 1315.72802734375 1319.72998046875 1323.6500244140625 1328.02001953125 1332.324951171875 1337.2080078125 1341.8599853515625 1346.468017578125 1350.7950439453125 1354.633056640625 1357.677001953125 1362.030029296875
